Analogs_temp/Normal_1961_1990Y/AHM.asc
NCOLS 1283 
NROWS 1518 
XLLCORNER -113.981666666 
YLLCORNER 48.334166667 
CELLSIZE 0.000277777777864382 
NODATA_value -9999
[rows 0 to 18 of 19, columns 1152 to 1247 of 1283]
29 29 29 29 29 30 30 30 30 30 30 30 30 31 31 31 31 31 31 31 31 31 32 32 32 32 32 32 32 32 32 32 32 32 33 33 33 33 33 33 33 33 33 33 33 34 34 34 34 34 35 35 35 35 36 36 36 36 37 37 37 38 39 41 43 44 44 45 45 46 47 48 48 49 49 50 50 50 50 51 51 52 52 53 53 54 55 56 57 59 61 62 63 63 63 64
29 29 29 30 30 30 30 30 30 30 30 31 31 31 31 31 31 31 32 32 32 32 32 32 32 32 32 32 32 32 32 32 33 33 33 33 33 33 33 33 33 33 33 34 34 34 34 34 35 35 35 36 36 36 36 36 37 37 38 38 38 38 39 39 42 43 44 45 46 46 47 48 48 49 49 50 50 50 51 51 51 52 52 53 54 54 55 56 57 59 61 62 64 64 65 66
29 29 30 30 30 30 30 30 31 31 31 31 31 31 31 32 32 32 32 32 32 32 32 32 32 32 32 32 32 32 33 33 33 33 33 34 34 34 34 34 34 34 34 34 34 35 35 35 35 35 36 36 36 36 37 37 38 39 39 39 39 39 39 40 41 42 43 44 44 45 47 48 48 49 49 50 50 51 51 51 52 52 52 53 54 54 55 56 57 59 61 62 63 64 65 66
30 30 30 30 30 30 31 31 31 31 31 31 31 32 32 32 32 32 32 32 32 32 33 33 33 33 33 33 33 33 33 33 33 34 34 34 34 34 34 34 34 34 34 35 35 35 35 35 36 36 36 36 37 37 38 39 39 39 39 40 40 40 40 40 41 41 42 43 44 45 46 47 48 49 49 50 50 51 51 52 52 52 53 53 54 55 55 56 57 59 61 62 63 64 64 65
30 30 30 31 31 31 31 31 31 31 32 32 32 32 32 32 32 33 33 33 33 33 33 33 33 33 33 33 33 33 33 34 34 34 34 34 34 34 34 34 34 35 35 35 35 35 36 36 36 36 37 37 38 38 39 39 39 40 40 40 40 40 41 41 41 42 42 43 44 45 46 47 48 48 49 49 50 51 51 52 52 53 53 53 54 55 56 58 59 60 61 63 63 64 65 65
30 31 31 31 31 31 31 31 32 32 32 32 32 32 33 33 33 33 33 33 33 33 33 33 33 33 33 33 33 34 34 34 34 34 34 34 35 35 35 35 35 35 35 35 35 36 36 36 37 37 38 38 39 39 39 39 40 40 41 41 41 41 41 42 42 43 43 43 44 45 46 47 47 48 49 49 50 50 51 52 52 53 54 54 55 56 57 59 60 61 62 63 63 64 65 65
31 31 31 31 31 32 32 32 32 32 32 33 33 33 33 33 33 33 33 33 33 34 34 34 33 33 33 34 34 34 34 34 34 35 35 35 35 35 35 35 35 35 36 36 36 36 36 37 37 38 38 39 39 39 39 40 41 41 42 42 42 42 42 42 43 43 44 44 44 45 45 46 47 48 48 49 49 50 51 52 53 54 55 55 56 57 59 60 61 61 62 63 64 64 65 65
31 31 31 32 32 32 32 32 32 33 33 33 33 33 33 34 34 34 34 34 34 34 34 34 34 34 34 34 34 34 34 35 35 35 35 35 35 35 35 36 36 36 36 36 36 36 37 38 38 38 39 39 39 40 40 41 41 42 42 43 43 43 43 43 44 44 44 44 44 45 45 46 47 47 48 49 50 51 52 53 54 55 56 57 58 59 60 60 61 62 63 63 64 64 65 66
31 32 32 32 32 32 32 33 33 33 33 33 34 34 34 34 34 34 34 34 34 34 34 34 34 34 34 34 34 34 35 35 35 35 35 35 35 36 36 36 36 36 36 36 37 37 38 38 39 39 39 40 40 40 41 41 42 42 43 44 44 44 44 44 44 45 45 45 45 46 46 46 47 48 49 50 51 52 53 53 54 55 56 57 59 60 60 61 62 62 63 64 64 65 65 66
32 32 32 32 32 33 33 33 33 33 34 34 34 34 34 34 34 34 35 35 35 35 35 35 35 35 35 35 35 35 35 35 35 35 36 36 36 36 36 36 36 37 37 37 37 37 38 39 39 40 40 40 41 41 42 42 43 43 44 44 44 44 45 45 45 46 46 46 46 46 47 47 48 49 50 51 52 53 54 55 55 56 57 59 59 60 61 62 62 63 63 64 65 66 66 67
32 32 32 33 33 33 33 33 34 34 34 34 34 34 34 35 35 35 35 35 35 35 35 35 35 35 35 35 35 35 35 36 36 36 36 36 36 36 36 37 37 37 37 37 38 38 38 39 40 40 41 41 41 42 42 43 43 44 44 45 45 45 45 46 46 47 47 47 47 47 48 48 49 50 51 52 53 54 55 56 57 57 58 59 60 61 61 62 63 63 64 64 65 66 67 67
32 33 33 33 33 33 34 34 34 34 34 34 35 35 35 35 35 36 36 36 36 36 35 35 35 35 35 35 35 36 36 36 36 36 36 36 37 37 37 37 37 38 38 38 38 38 38 39 39 40 40 41 42 42 43 43 44 44 45 46 46 46 46 46 47 47 48 48 48 48 49 50 50 51 52 53 54 55 56 57 58 58 59 60 61 61 62 63 63 64 65 65 66 66 67 68
33 33 33 33 34 34 34 34 34 35 35 35 35 35 35 36 36 36 36 36 36 36 36 36 36 36 36 36 36 36 36 36 36 37 37 37 37 37 37 37 38 38 38 38 39 39 39 39 40 40 41 41 42 43 44 44 45 46 46 46 46 47 47 47 48 48 48 49 49 50 50 51 52 52 52 53 54 55 57 58 58 59 60 60 61 62 63 63 64 65 65 66 66 67 68 68
33 33 34 34 34 34 35 35 35 35 35 35 36 36 36 36 36 36 37 37 37 36 36 36 36 36 36 36 36 36 36 37 37 37 37 37 37 38 38 38 38 38 38 39 39 39 39 40 40 41 41 42 42 43 43 44 45 46 46 47 47 47 48 48 48 49 49 50 50 51 51 52 52 53 53 54 55 56 58 58 59 60 60 61 61 62 63 63 64 65 66 66 67 67 68 69
34 34 34 35 35 35 35 35 35 35 36 36 36 36 36 37 37 37 37 37 37 37 37 37 37 37 37 37 37 37 37 37 37 37 37 38 38 38 38 38 38 38 39 39 39 40 40 40 41 41 42 43 43 43 44 45 45 46 46 47 48 48 49 49 49 50 50 51 51 52 52 53 53 54 54 55 56 58 59 59 60 60 61 61 62 63 63 64 65 65 66 67 67 68 68 68
34 35 35 35 35 36 36 36 36 36 36 36 37 37 37 37 37 37 38 37 37 37 37 37 37 37 37 37 37 37 37 37 37 38 38 38 38 39 39 39 39 39 39 39 40 40 41 41 41 42 42 43 44 44 45 45 46 46 47 47 48 48 49 50 51 51 51 52 52 53 53 54 54 55 55 56 57 59 59 61 61 61 62 62 63 63 64 65 65 66 66 67 67 67 68 67
35 35 36 36 36 36 36 36 36 37 37 37 37 37 37 38 38 38 38 38 38 38 38 38 38 38 38 38 38 38 38 38 38 38 38 38 39 39 39 39 39 39 39 40 40 41 41 42 42 43 43 44 45 45 46 46 47 47 47 48 48 49 50 51 52 52 52 53 53 54 54 55 55 56 57 58 59 59 60 61 62 62 63 63 64 64 65 65 66 66 66 67 67 67 67 67
36 36 36 36 37 37 37 37 37 37 37 37 38 38 38 38 38 39 38 38 38 38 38 38 38 38 38 38 38 38 38 38 38 38 39 39 39 39 40 40 40 40 40 40 41 41 42 42 43 43 44 45 45 46 46 47 47 48 48 49 49 50 50 51 52 53 53 54 55 55 56 56 57 57 58 58 59 60 61 62 62 63 63 64 65 65 65 65 66 66 66 67 67 67 67 67
36 36 37 37 37 37 37 38 38 38 38 38 38 38 39 39 39 39 39 39 39 39 39 38 38 38 38 38 39 39 39 39 39 39 39 39 39 40 40 40 40 40 40 41 41 42 42 43 44 44 45 46 46 47 47 47 48 48 49 50 50 51 51 52 53 53 54 55 55 56 57 57 58 58 59 59 60 61 61 62 63 63 64 64 65 65 66 66 66 66 67 67 67 67 67 66
