Analogs_temp/Normal_1961_1990Y/AHM.asc
NCOLS 1283 
NROWS 1518 
XLLCORNER -113.981666666 
YLLCORNER 48.334166667 
CELLSIZE 0.000277777777864382 
NODATA_value -9999
[rows 0 to 18 of 19, columns 480 to 575 of 1283]
116 117 118 120 121 122 123 125 126 128 130 132 133 135 136 137 138 140 141 142 144 145 146 147 148 149 151 153 155 156 157 159 161 162 163 164 165 165 166 167 167 168 168 169 169 169 170 170 171 171 171 171 172 172 172 172 172 173 173 173 173 173 173 173 174 174 173 173 172 171 170 170 169 169 168 168 167 167 167 167 167 168 169 170 171 172 173 173 174 175 174 174 174 174 174 173
113 114 115 116 117 118 120 122 124 126 128 130 131 133 134 135 136 138 139 141 142 143 144 146 147 148 149 151 153 155 156 158 160 162 164 164 165 166 166 167 167 168 168 169 169 170 170 171 171 171 172 172 172 172 173 173 173 173 173 174 174 174 174 175 175 175 176 175 174 174 173 173 172 171 171 170 169 169 168 168 169 169 171 172 173 174 175 175 176 176 176 175 175 175 175 175
112 112 113 114 116 117 118 120 122 124 126 128 129 131 132 133 135 136 137 139 140 142 143 144 146 147 149 150 152 154 156 158 160 162 164 164 165 166 166 167 167 168 168 169 169 170 171 171 171 172 172 172 173 173 173 173 174 174 174 174 175 175 175 176 176 177 177 177 177 176 176 176 175 175 174 173 172 172 171 171 171 172 173 174 175 176 176 177 177 177 177 176 176 176 176 176
110 111 112 113 115 116 117 119 120 122 124 125 127 128 130 131 133 134 136 137 139 140 142 143 144 146 148 150 151 154 156 157 159 162 164 165 165 166 166 167 167 168 169 169 170 170 171 171 172 172 172 173 173 173 174 174 174 174 175 175 175 176 176 177 177 178 178 178 178 179 179 179 179 178 178 177 176 176 175 175 175 175 175 175 176 177 178 178 178 178 178 177 177 177 177 177
109 110 111 113 114 115 116 118 119 121 122 124 125 127 128 130 131 133 134 136 137 139 140 142 144 145 148 150 152 153 155 157 159 161 163 164 165 166 166 167 167 168 169 169 170 170 171 171 172 172 173 173 174 174 174 174 175 175 175 176 176 176 177 178 178 179 179 179 180 180 180 180 180 180 180 180 180 179 179 178 178 178 177 177 178 179 179 179 179 179 179 178 178 178 178 178
107 109 111 112 113 115 116 117 119 120 122 123 125 126 128 129 130 132 133 134 136 138 140 141 143 145 147 150 152 154 155 158 159 160 161 163 164 165 166 167 167 168 168 169 170 171 171 172 173 173 174 174 174 174 175 175 175 176 176 176 177 177 177 178 179 179 180 180 180 181 181 181 181 181 181 181 181 181 181 180 180 180 179 179 179 180 180 180 180 180 180 179 179 179 179 178
107 109 111 112 113 114 116 117 119 120 122 123 125 127 128 129 130 131 132 133 135 137 139 141 143 145 147 149 151 153 154 155 157 158 159 161 163 164 166 167 167 168 168 169 170 171 172 173 173 174 174 175 175 175 175 175 175 176 176 176 177 177 178 178 179 179 180 180 181 182 182 182 182 182 182 182 182 182 182 182 181 181 181 181 181 182 182 181 181 181 180 180 180 180 180 179
108 110 112 113 114 115 116 118 119 121 122 124 125 127 128 130 131 132 133 134 135 137 139 140 142 144 145 147 148 150 151 152 154 156 158 160 161 163 164 166 167 167 168 168 169 170 171 173 174 175 175 175 175 175 175 175 176 176 176 176 177 177 178 179 179 180 181 182 182 183 183 183 183 183 183 183 183 183 183 183 183 183 182 182 182 183 183 182 182 182 182 181 181 181 181 181
110 112 113 114 115 116 117 118 119 121 122 124 126 127 128 130 131 133 135 135 136 137 138 139 140 142 144 145 146 147 149 151 152 154 156 158 160 160 161 163 165 166 167 168 168 169 171 172 173 174 174 174 174 175 175 176 176 176 176 176 177 177 178 179 180 181 182 183 184 184 184 184 184 184 184 184 184 184 184 184 184 184 184 184 184 184 184 184 183 183 183 182 182 182 182 182
111 112 114 115 116 117 118 119 119 121 123 124 126 127 129 130 132 133 135 136 137 138 139 140 141 142 144 145 146 146 148 150 152 152 153 154 155 157 159 161 162 164 165 166 167 168 169 171 172 173 173 173 174 174 175 175 175 175 176 176 177 178 178 179 180 181 182 183 184 185 185 185 185 185 185 185 185 185 185 185 185 185 185 185 185 185 185 185 184 184 184 183 183 183 183 183
111 112 114 115 116 117 119 120 121 122 124 125 127 128 130 131 133 134 136 137 139 140 141 142 143 144 145 146 147 147 149 149 148 149 149 150 151 153 155 157 160 161 162 164 166 167 168 170 171 171 172 172 172 172 173 173 174 174 175 176 177 177 178 179 180 181 182 183 184 185 185 185 186 186 186 186 186 186 186 187 187 186 186 186 186 186 186 186 185 185 185 185 184 184 184 184
110 112 113 114 115 117 119 120 122 124 125 127 128 130 131 133 134 136 137 139 140 141 143 144 145 146 147 148 148 149 149 148 147 146 146 147 148 150 152 154 155 157 160 162 164 166 168 169 170 170 170 171 171 170 170 170 171 172 174 175 176 177 178 179 180 180 181 182 183 184 184 185 185 186 186 186 186 186 187 187 188 187 187 187 187 187 187 187 186 186 186 186 186 186 186 186
109 110 111 113 114 116 118 120 122 124 126 128 130 131 133 135 136 137 139 140 141 143 144 145 147 148 149 149 150 150 149 148 148 148 147 147 147 148 150 152 153 154 157 161 163 165 166 167 167 168 169 169 169 169 168 168 169 170 172 173 175 176 178 179 179 180 181 181 182 183 183 184 185 185 186 186 186 187 187 188 188 188 188 188 188 188 188 188 188 188 187 187 187 187 187 187
107 108 110 112 114 115 117 120 122 124 126 128 130 132 135 136 138 140 142 143 144 145 146 147 148 149 150 151 151 151 151 151 151 151 150 150 150 150 151 153 154 155 157 161 162 163 164 164 165 165 166 166 167 167 167 167 168 169 171 172 174 175 177 178 179 179 180 181 181 182 183 183 184 185 185 186 186 187 187 188 188 189 189 189 189 189 189 189 189 189 189 189 188 188 188 188
107 108 110 111 113 115 117 120 122 124 126 128 130 133 135 137 140 142 143 145 146 147 148 149 150 150 151 152 153 153 154 154 154 154 154 154 154 154 155 155 156 157 159 161 162 161 161 162 162 163 163 164 164 165 165 166 167 168 170 171 173 174 175 177 178 178 179 180 180 181 182 183 183 184 185 186 186 187 188 188 189 190 190 190 190 190 190 190 190 190 190 190 190 190 190 190
106 108 110 112 114 116 118 120 123 125 127 130 132 134 136 138 140 142 144 146 148 149 150 150 151 152 152 153 154 154 155 156 156 156 157 157 157 157 157 158 159 160 161 160 160 159 159 160 160 160 161 162 162 163 164 165 166 167 168 170 171 173 174 175 176 177 178 179 180 180 181 182 183 184 184 185 187 188 189 190 190 191 191 191 191 191 191 191 191 191 191 191 191 191 191 191
106 108 110 112 114 117 119 121 124 126 128 131 133 134 136 139 140 143 144 145 147 148 149 150 150 151 151 152 152 152 152 153 153 154 155 156 156 157 157 157 157 157 157 157 157 157 157 157 158 158 159 159 160 161 162 163 164 166 167 168 170 171 172 173 174 175 176 177 178 179 180 181 182 183 184 185 186 187 189 190 190 191 191 192 192 192 192 192 192 192 192 192 192 192 192 192
107 108 111 113 115 118 120 123 125 127 129 132 133 135 137 139 140 141 142 143 145 146 147 147 148 148 149 149 149 149 149 149 150 151 152 153 153 154 154 154 154 154 154 154 154 155 155 155 155 156 156 157 158 159 160 161 163 164 165 167 168 169 171 172 173 174 175 176 177 178 179 180 181 182 183 184 185 187 188 189 189 190 191 192 192 192 192 193 193 193 193 193 193 193 193 193
107 109 111 114 117 119 122 124 126 128 130 132 134 135 137 138 139 140 141 142 143 143 144 145 145 145 145 146 146 146 146 146 147 148 149 150 150 150 150 151 151 151 151 152 152 152 153 153 153 154 155 155 156 157 158 159 161 162 164 165 166 168 169 170 171 172 174 175 176 177 178 179 180 181 183 184 185 186 187 188 189 189 190 191 192 192 193 193 193 194 194 194 193 193 193 193
