Analogs_temp/Normal_1961_1990Y/AHM.asc
NCOLS 1283 
NROWS 1518 
XLLCORNER -113.981666666 
YLLCORNER 48.334166667 
CELLSIZE 0.000277777777864382 
NODATA_value -9999
[rows 0 to 18 of 19, columns 672 to 767 of 1283]
113 112 111 110 110 109 108 107 107 106 105 105 104 103 102 101 99 98 97 96 94 93 92 91 90 89 88 87 86 85 84 83 82 82 81 80 80 80 79 79 78 78 77 77 76 76 75 75 75 74 74 73 73 72 72 71 71 70 69 69 69 69 69 69 69 69 68 68 68 68 68 68 68 68 68 68 68 68 68 68 68 67 67 67 67 67 66 66 66 66 66 66 65 66 66 66
114 113 112 111 110 110 109 108 107 107 106 106 105 104 103 102 100 99 98 97 95 94 93 92 91 90 88 87 86 85 85 84 83 82 81 81 80 80 79 79 78 78 77 77 76 76 76 75 74 74 74 73 73 72 72 71 71 70 70 69 69 69 69 69 69 68 68 68 68 68 68 68 69 69 68 68 68 68 68 68 68 67 67 67 67 67 66 66 66 66 66 66 66 66 66 66
115 114 113 112 111 111 110 109 108 108 107 106 106 105 104 103 101 100 99 98 97 96 94 93 92 91 89 88 87 86 85 85 84 83 82 82 81 80 80 79 79 78 78 77 77 76 76 75 75 74 74 73 73 72 72 71 71 70 70 69 69 69 69 69 69 68 68 68 68 68 69 69 69 69 69 68 68 68 68 68 68 67 67 67 67 67 66 66 66 66 66 66 66 66 66 66
116 115 114 113 113 112 111 110 109 109 108 107 107 106 105 104 103 101 100 99 98 97 96 95 94 93 91 90 89 88 86 85 85 84 84 83 82 81 81 80 79 79 78 78 77 77 76 76 75 75 74 74 73 72 72 71 71 70 70 70 70 69 69 69 69 69 69 69 69 69 69 69 69 69 69 68 68 68 68 68 67 67 67 67 67 67 67 66 66 66 66 66 66 66 66 66
118 117 116 115 114 113 113 112 111 110 109 109 108 107 106 105 104 103 102 100 99 98 97 97 96 95 93 92 91 90 89 88 87 86 85 85 84 84 83 82 81 81 80 79 78 78 77 76 76 75 75 74 74 73 72 72 71 71 70 70 70 70 70 69 69 69 69 69 69 69 69 69 69 69 69 68 68 68 68 68 67 67 67 67 67 67 67 66 66 66 66 66 66 66 66 65
120 119 118 117 116 115 114 114 113 112 111 110 109 108 107 106 105 104 103 102 101 100 99 98 97 96 95 94 93 93 92 91 90 89 88 88 87 86 85 84 84 83 83 82 81 80 78 78 77 76 76 75 75 74 73 73 72 72 71 71 71 70 70 70 70 69 69 69 69 69 69 69 69 69 69 68 68 68 68 68 67 67 67 67 67 67 67 66 66 66 66 66 66 66 65 65
122 121 120 119 118 117 116 115 114 113 112 111 110 109 108 107 107 106 105 104 102 101 100 100 99 98 97 96 95 94 93 93 92 91 90 90 89 89 88 87 87 86 85 84 83 82 81 80 79 78 77 77 76 76 75 74 74 73 73 72 71 71 70 70 70 70 70 70 70 70 70 70 69 69 69 69 68 68 68 68 67 67 67 67 67 67 67 66 66 66 66 66 66 66 65 65
124 123 123 122 121 119 118 117 116 115 114 113 112 111 110 109 108 107 106 105 104 103 102 101 100 99 99 98 97 96 95 94 93 92 92 91 90 90 90 89 88 87 87 86 85 84 83 82 82 81 80 80 79 78 77 76 76 75 75 74 73 72 72 71 70 70 70 70 70 70 70 70 70 69 69 69 68 68 68 68 67 67 67 67 67 67 67 66 66 66 66 66 66 65 65 65
127 126 125 124 123 122 121 120 118 117 116 115 114 112 112 111 110 109 108 107 106 105 104 103 102 101 100 99 99 98 96 95 95 94 93 92 92 91 90 90 89 88 87 87 86 85 85 84 83 83 82 81 81 80 80 79 78 77 76 76 75 74 74 73 72 72 71 71 71 71 70 70 70 69 69 69 68 68 68 67 67 67 67 67 67 67 67 66 66 66 66 66 66 65 65 65
131 129 128 127 126 125 123 122 121 120 118 117 116 115 114 113 112 111 110 109 108 107 106 105 104 103 102 101 100 99 98 97 96 95 94 94 93 92 91 90 90 89 89 88 87 87 86 85 85 84 84 83 83 82 81 80 79 78 78 77 77 76 75 75 74 74 73 72 72 71 71 71 70 70 69 69 69 68 68 68 67 67 67 67 67 67 67 67 66 66 66 66 66 65 65 65
134 132 130 129 128 127 126 125 124 123 121 120 119 117 116 115 114 113 112 111 110 109 108 107 106 105 104 102 101 100 99 99 98 97 96 95 94 93 92 91 91 90 90 89 89 88 88 87 87 87 86 85 84 83 82 81 81 80 79 79 78 78 77 77 76 75 74 73 73 72 72 71 71 70 70 69 69 69 68 68 67 67 67 67 67 67 67 67 67 66 66 66 65 65 65 64
140 138 135 132 130 129 129 128 127 126 125 124 122 121 119 118 116 115 114 113 112 111 110 109 108 107 106 105 105 103 103 101 100 99 97 96 95 94 94 93 92 92 91 91 91 90 90 90 89 88 87 86 86 85 85 84 84 83 82 82 81 80 79 78 77 77 76 75 74 73 72 72 71 71 70 70 69 69 69 68 68 67 67 67 67 67 67 67 67 67 66 66 65 65 64 64
144 144 143 142 140 138 135 133 131 130 129 128 127 125 123 122 120 118 117 116 115 114 113 112 111 111 110 109 109 107 105 104 102 101 100 99 98 97 97 96 96 95 95 95 95 94 93 92 90 89 89 88 88 88 88 88 87 86 86 85 84 83 82 81 80 79 78 76 75 74 73 73 72 72 71 71 71 70 70 69 69 69 69 68 68 68 67 67 67 67 66 65 65 65 64 64
149 148 147 146 146 144 143 142 140 138 136 133 131 129 128 127 125 123 121 120 119 119 118 117 117 116 115 113 111 110 109 108 106 105 104 102 102 101 101 101 101 100 100 100 98 97 95 93 93 92 91 91 91 91 91 91 90 90 89 88 88 86 85 84 83 82 80 79 77 76 75 75 74 74 74 73 73 72 72 71 71 71 71 70 68 68 68 67 67 66 66 65 65 64 64 63
155 154 154 152 151 150 148 147 146 145 146 143 140 137 134 131 129 129 127 126 125 125 124 124 124 123 120 118 116 114 113 112 111 110 109 107 106 106 105 105 105 104 102 101 100 99 97 96 96 96 96 95 95 95 95 94 94 93 91 90 90 89 89 88 86 84 83 82 81 80 79 78 78 77 77 76 76 75 74 74 74 74 72 71 69 69 68 68 67 67 66 65 65 64 64 63
163 162 161 160 159 158 156 154 153 152 151 150 149 147 145 143 141 140 139 137 130 130 130 129 129 128 126 124 123 122 121 119 118 117 115 114 113 111 110 109 108 107 105 103 103 102 101 101 101 101 101 101 101 100 100 100 99 98 96 96 95 93 91 90 90 89 88 87 86 86 84 83 82 81 80 79 79 78 77 77 76 74 73 72 71 71 69 68 68 67 67 66 65 65 64 64
170 169 167 167 168 167 165 164 162 160 158 156 155 154 152 151 150 149 148 147 146 143 138 136 135 134 133 131 130 129 127 125 124 123 121 119 118 117 115 114 112 111 110 109 108 107 107 107 107 107 107 106 106 105 104 104 103 102 101 100 99 97 96 95 95 94 93 92 92 90 89 88 87 86 84 83 82 81 80 79 77 76 75 74 74 72 72 71 70 69 69 67 66 66 65 65
175 174 174 174 174 174 173 172 171 170 168 166 165 164 162 160 158 156 155 153 152 150 148 147 145 142 140 139 138 136 134 132 130 129 127 126 124 122 120 119 118 117 116 116 116 116 115 114 114 114 113 112 111 110 108 107 107 106 106 104 102 101 101 99 99 97 97 97 96 95 93 92 91 90 88 87 86 83 82 80 79 79 78 77 76 75 75 74 73 72 71 70 69 68 68 67
180 180 180 180 181 181 180 180 179 178 177 175 173 172 171 169 166 164 163 161 159 157 155 153 151 150 148 146 144 142 140 139 137 135 134 132 131 129 127 125 123 123 123 122 122 121 120 119 119 118 117 117 116 115 113 112 111 110 109 108 107 106 105 103 102 102 101 100 99 99 97 96 94 93 93 90 88 87 85 84 83 82 81 80 79 79 78 78 77 75 75 74 73 72 71 71
