Analogs_temp/Normal_1961_1990Y/AHM.asc
NCOLS 1283 
NROWS 1518 
XLLCORNER -113.981666666 
YLLCORNER 48.334166667 
CELLSIZE 0.000277777777864382 
NODATA_value -9999
[rows 0 to 18 of 19, columns 192 to 287 of 1283]
53 53 54 54 55 56 56 56 57 57 57 58 58 58 59 59 59 60 60 61 61 61 62 62 62 62 62 62 62 62 62 62 62 62 62 62 62 63 63 63 63 63 63 63 63 63 64 64 64 64 64 64 64 64 64 64 64 64 64 63 63 63 63 62 62 62 61 61 61 61 60 60 60 60 60 60 59 59 59 59 59 59 59 59 59 59 59 59 58 58 58 58 58 58 58 58
52 52 53 53 54 54 55 56 56 57 57 57 57 58 58 58 59 59 59 60 60 60 61 61 62 62 62 62 62 62 62 62 63 62 62 62 62 63 63 63 63 63 63 64 64 64 64 64 64 64 64 64 65 65 65 65 65 65 64 64 64 64 64 63 63 63 63 62 62 62 62 62 62 62 61 61 61 61 61 61 61 61 61 61 61 60 60 60 60 60 60 60 60 60 60 60
51 51 52 52 53 53 54 54 55 56 56 57 57 57 57 58 58 58 59 59 59 60 60 61 61 62 62 62 62 62 63 63 63 63 63 63 63 63 63 64 64 64 64 64 64 64 64 64 65 65 65 65 65 65 65 66 66 65 65 65 65 65 65 65 64 64 64 64 63 63 63 63 63 63 63 63 63 62 62 62 62 62 62 62 62 62 62 62 62 62 61 61 61 61 61 61
50 51 51 52 52 53 53 53 54 54 55 55 56 56 57 57 57 58 58 58 59 59 59 60 60 61 61 62 62 62 63 63 63 64 64 64 64 64 64 64 64 64 64 65 65 65 65 66 66 66 66 66 66 66 66 67 67 66 66 66 66 66 66 65 65 65 65 65 65 65 64 64 64 64 64 64 64 64 64 64 64 64 64 64 64 64 64 63 63 63 63 63 63 63 63 63
50 50 51 51 52 52 52 53 53 53 54 54 55 55 56 56 57 57 58 58 58 59 59 59 60 60 60 61 61 62 62 62 63 63 63 64 64 64 65 65 65 65 66 66 66 66 67 67 67 67 67 67 67 68 68 68 68 68 68 67 67 67 67 67 66 66 66 66 66 66 65 65 65 65 65 65 65 65 65 65 65 65 65 65 65 65 65 65 65 65 65 65 65 65 65 65
50 50 51 51 51 52 52 52 53 53 53 54 54 55 55 56 56 57 57 57 58 58 59 59 59 60 60 60 61 61 61 62 62 63 63 63 64 64 65 65 66 66 67 67 68 68 68 68 69 69 69 69 69 69 69 69 69 69 69 69 68 68 68 68 68 68 67 67 67 67 67 67 67 67 67 67 67 67 67 67 67 67 67 67 67 66 66 66 66 66 66 66 66 66 66 66
50 50 50 51 51 51 51 52 52 52 53 53 54 54 55 55 56 56 57 57 57 58 58 58 59 59 59 60 60 60 61 61 62 62 63 63 63 63 64 65 66 67 68 68 70 70 70 70 71 71 71 71 71 71 71 71 71 71 70 70 70 70 70 70 69 69 69 69 69 69 69 69 68 68 68 68 68 68 68 69 69 69 69 68 68 68 68 68 68 68 68 68 68 68 68 68
49 50 50 50 51 51 51 52 52 52 52 53 53 54 54 55 55 56 56 57 57 57 58 58 59 59 59 60 60 60 61 61 62 62 63 63 64 65 66 67 68 69 69 70 71 72 72 72 72 73 73 73 73 72 72 72 72 72 72 72 72 72 72 71 71 71 71 71 71 71 70 70 70 70 70 70 70 70 70 70 70 70 70 70 70 70 70 70 70 70 70 70 70 70 70 70
50 50 50 50 51 51 51 51 52 52 52 52 53 53 54 54 54 55 55 56 57 57 58 58 58 59 59 60 60 60 61 61 62 63 63 64 66 67 68 69 70 71 71 72 73 74 74 75 75 74 74 74 74 74 74 74 74 74 74 74 73 73 73 73 73 73 73 73 73 73 72 72 72 72 72 72 72 72 72 72 72 72 72 72 72 72 72 72 72 72 72 72 72 72 72 72
50 50 50 51 51 51 51 52 52 52 52 53 53 53 54 54 55 55 56 57 57 58 58 59 59 60 60 60 61 61 62 63 64 65 66 67 68 69 70 71 72 73 74 74 75 76 76 77 76 76 76 76 76 76 76 76 76 76 76 75 75 75 75 75 75 75 75 75 75 75 75 75 75 74 74 74 74 74 74 74 74 74 74 74 74 74 74 74 74 74 74 74 74 74 74 74
50 50 51 51 51 52 52 52 53 53 54 54 54 55 55 56 56 57 58 58 59 59 60 60 61 61 61 62 62 63 64 65 66 67 68 69 71 72 73 74 74 75 76 77 77 78 78 79 78 78 78 78 78 78 78 78 78 78 77 77 77 77 77 77 77 77 77 77 77 76 76 76 76 76 76 76 76 76 76 75 75 75 75 75 75 75 75 75 76 76 76 76 76 76 76 76
50 50 51 51 52 52 53 53 54 54 55 55 56 56 57 58 58 59 59 60 60 61 61 62 62 62 63 63 64 65 66 67 69 70 71 72 73 74 75 76 77 77 78 79 79 80 80 80 80 80 80 80 80 80 80 80 79 79 79 79 79 79 79 79 79 78 78 78 78 78 78 78 78 78 78 77 77 77 77 77 77 77 77 77 77 77 77 77 77 77 77 77 77 78 78 78
50 51 51 51 52 52 53 54 54 55 56 57 57 58 58 59 59 60 61 61 62 62 63 63 63 64 64 65 66 67 68 70 71 72 73 74 75 76 76 77 78 80 80 82 83 83 83 83 83 82 82 82 82 82 82 82 81 81 81 81 80 80 80 80 80 80 80 80 80 80 80 79 79 79 79 79 79 79 78 78 78 78 78 78 78 78 78 78 78 79 79 79 79 79 79 79
50 51 51 51 52 52 53 53 54 54 55 56 57 57 58 58 59 60 61 62 63 63 64 64 65 66 66 67 67 68 69 70 71 72 73 74 75 76 77 78 79 80 82 83 83 83 83 83 83 83 84 84 84 84 84 84 84 83 82 82 82 82 82 82 82 82 81 81 81 81 81 81 81 81 80 80 80 80 80 79 79 79 79 79 79 80 80 80 80 80 80 80 80 80 80 81
50 50 51 51 51 52 52 53 53 54 54 55 56 57 57 58 59 60 61 61 62 63 64 65 66 67 67 67 68 69 69 70 71 71 73 74 75 76 77 78 79 81 82 83 83 83 83 83 83 84 84 84 84 84 84 84 84 84 84 84 84 84 84 83 83 83 84 84 84 84 83 83 82 82 82 81 81 81 81 80 80 80 80 80 81 81 81 81 81 81 81 81 81 82 82 82
50 50 50 51 51 51 52 52 53 53 54 55 56 56 57 58 59 59 60 61 62 63 64 65 66 67 68 68 69 69 70 70 71 71 72 73 74 75 76 78 80 81 83 83 83 83 83 83 84 84 84 84 84 84 84 84 84 84 84 84 84 84 84 84 84 84 84 84 84 84 84 84 83 83 82 82 82 82 82 82 81 81 82 82 82 82 82 82 82 82 82 82 82 82 83 83
50 50 50 51 51 51 52 52 52 53 53 55 56 56 57 58 59 59 60 61 62 64 65 66 67 68 68 69 69 70 70 71 72 72 73 74 74 75 77 79 80 82 83 83 83 83 83 83 84 84 84 84 84 84 84 84 84 84 84 84 84 84 84 84 84 84 84 84 84 85 85 85 85 84 83 83 83 83 83 83 83 83 83 83 83 83 83 83 83 83 83 83 83 83 83 83
49 50 50 50 51 51 51 52 52 53 53 54 55 56 57 57 58 59 60 61 63 64 65 66 68 69 70 70 70 70 71 72 72 73 74 75 75 76 78 79 81 83 83 83 83 83 83 83 83 84 84 84 84 84 84 84 84 84 84 84 84 84 84 84 84 84 84 84 85 85 85 85 85 85 85 84 84 84 84 83 83 83 83 83 83 83 83 83 83 83 84 84 84 84 84 84
49 49 50 50 50 51 51 51 52 52 53 54 55 56 57 57 58 59 61 62 63 65 66 67 68 69 70 71 71 72 72 73 74 74 75 76 77 78 79 81 82 83 83 83 83 83 83 83 83 83 84 84 84 84 84 84 84 84 84 84 84 84 84 84 84 84 84 84 85 85 85 85 85 85 85 85 84 85 84 84 84 84 84 84 84 84 84 84 84 84 84 84 84 84 84 84
