Analogs_temp/Normal_1961_1990Y/CMD.asc
NCOLS 1283 
NROWS 1518 
XLLCORNER -113.981666666 
YLLCORNER 48.334166667 
CELLSIZE 0.000277777777864382 
NODATA_value -9999
[rows 0 to 18 of 19, columns 1056 to 1151 of 1283]
70 68 66 65 63 62 61 60 59 57 56 54 53 51 49 49 47 45 45 44 42 42 40 39 38 35 33 30 28 26 24 23 21 21 21 19 19 18 17 16 16 16 16 16 16 16 14 14 14 14 14 14 13 12 12 11 11 11 11 11 11 11 9 9 9 9 9 9 8 8 7 4 2 1 1 0 0 0 0 0 0 0 0 0 0 0 0 0 0 0 0 0 0 0 0 0
70 68 66 65 63 61 59 57 56 54 52 51 50 50 50 49 47 47 45 45 43 42 40 38 36 34 31 29 28 26 24 23 21 21 21 19 19 18 17 16 16 16 16 16 14 14 12 12 12 12 12 12 12 11 11 11 11 11 11 11 11 11 9 9 9 9 8 8 8 7 6 4 2 1 0 0 0 0 0 0 0 0 0 0 0 0 0 0 0 0 0 0 0 0 0 0
70 68 66 65 63 61 58 56 54 52 51 50 49 49 47 47 47 47 46 44 42 40 40 38 36 34 31 29 28 26 24 24 23 22 21 21 19 17 16 16 16 16 16 16 14 12 12 12 12 12 11 11 11 11 11 11 11 11 11 11 11 11 11 11 11 9 7 7 6 6 4 2 1 0 0 0 0 0 0 0 0 0 0 0 0 0 0 0 0 0 0 0 0 0 0 0
70 68 66 65 63 61 58 56 54 52 50 49 48 47 45 45 45 46 45 44 42 40 40 38 36 35 32 30 28 28 28 25 25 24 21 21 19 19 17 16 16 16 16 16 16 14 14 14 14 13 13 12 11 11 11 11 11 11 11 11 11 11 11 11 11 9 6 5 4 2 1 0 0 0 0 0 0 0 0 0 0 0 0 0 0 0 0 0 0 0 0 0 0 0 0 0
70 68 66 65 63 61 58 56 54 52 50 49 47 47 45 45 45 45 44 43 42 42 40 38 36 35 33 31 31 31 29 28 26 24 23 21 21 19 19 18 17 17 16 16 16 16 16 16 16 16 16 14 14 13 12 12 12 12 12 12 12 13 12 11 11 7 5 2 2 1 0 0 0 0 0 0 0 0 0 0 0 0 0 0 0 0 0 0 0 0 0 0 0 0 0 0
70 68 66 65 63 61 59 56 54 52 50 49 47 46 45 45 45 45 44 43 42 42 42 39 37 37 36 35 33 32 29 28 26 25 24 24 23 22 21 21 21 19 19 18 18 18 18 17 17 17 16 16 16 15 14 14 14 14 14 15 14 14 12 11 9 7 5 2 2 1 0 0 0 0 0 0 0 0 0 0 0 0 0 0 0 0 0 0 0 0 0 0 0 0 0 0
70 68 67 65 63 61 59 56 54 52 50 49 47 45 45 44 43 43 43 42 42 41 40 40 38 38 37 36 33 31 29 28 28 26 26 26 26 25 25 24 23 23 21 21 21 21 20 20 19 19 18 17 17 16 16 16 16 16 16 16 14 13 12 11 9 7 5 4 2 1 0 0 0 0 0 0 0 0 0 0 0 0 0 0 0 0 0 0 0 0 0 0 0 0 0 0
70 68 67 65 63 61 59 57 54 52 50 49 47 45 44 43 42 41 41 42 41 40 40 40 38 38 36 35 33 32 31 30 30 29 28 28 28 28 28 26 26 25 24 24 24 23 23 23 21 19 19 18 18 18 18 18 17 16 16 15 14 13 11 9 7 6 4 4 2 1 0 0 0 0 0 0 0 0 0 0 0 0 0 0 0 0 0 0 0 0 0 0 0 0 0 0
70 68 67 66 63 61 59 57 54 52 50 49 47 45 44 43 42 41 40 41 41 40 40 40 38 38 37 36 35 33 33 33 33 32 31 31 31 31 31 29 28 28 27 26 26 26 25 23 23 21 21 20 19 19 19 19 18 17 16 15 14 12 11 8 6 4 4 2 1 0 0 0 0 0 0 0 0 0 0 0 0 0 0 0 0 0 0 0 0 0 0 0 0 0 0 0
70 68 68 66 64 62 59 57 54 52 50 49 47 45 44 42 42 41 40 40 40 40 40 40 39 38 38 37 37 36 35 35 35 35 33 33 33 33 33 32 32 31 31 30 28 28 26 26 25 23 23 21 21 21 21 20 19 18 16 16 13 11 9 7 4 2 2 1 0 0 0 0 0 0 0 0 0 0 0 0 0 0 0 0 0 0 0 0 0 0 0 0 0 0 0 0
70 68 68 66 64 62 59 57 54 52 50 49 47 45 43 42 41 40 40 40 40 40 40 40 40 40 39 38 38 38 37 37 37 36 36 36 35 35 35 33 33 33 33 32 31 30 29 28 26 26 25 23 23 23 22 21 19 18 16 12 9 7 6 4 2 1 1 0 0 0 0 0 0 0 0 0 0 0 0 0 0 0 0 0 0 0 0 0 0 0 0 0 0 0 0 0
70 68 68 66 64 62 59 57 54 52 50 49 47 45 43 42 41 40 40 38 38 39 39 39 39 38 38 38 38 38 38 38 37 37 37 37 36 35 35 35 35 35 34 33 33 32 32 31 30 28 27 26 24 23 21 19 18 16 14 12 9 7 4 2 1 1 0 0 0 0 0 0 0 0 0 0 0 0 0 0 0 0 0 0 0 0 0 0 0 0 0 0 0 0 0 0
70 70 68 66 64 62 59 57 54 52 51 49 47 45 43 42 41 40 38 37 37 37 38 38 38 38 38 38 38 38 38 38 37 37 37 37 37 36 36 36 35 35 33 33 33 32 32 30 29 28 26 26 24 23 21 19 17 16 14 11 9 7 4 2 1 0 0 0 0 0 0 0 0 0 0 0 0 0 0 0 0 0 0 0 0 0 0 0 0 0 0 0 0 0 0 0
71 70 68 66 64 63 59 57 54 52 51 49 47 45 43 42 40 40 38 36 36 36 36 37 37 37 37 37 37 37 37 37 37 37 36 36 36 36 36 35 35 33 33 32 32 31 31 30 28 27 26 24 23 21 20 19 17 16 14 12 9 6 4 2 0 0 0 0 0 0 0 0 0 0 0 0 0 0 0 0 0 0 0 0 0 0 0 0 0 0 0 0 0 0 0 0
71 70 68 66 64 63 59 57 55 54 52 50 47 45 44 42 40 39 38 36 35 34 34 35 35 36 36 36 36 36 36 36 35 35 35 35 34 33 33 33 32 31 31 30 29 28 28 26 26 25 24 23 21 20 19 17 14 13 11 9 6 3 1 0 0 0 0 0 0 0 0 0 0 0 0 0 0 0 0 0 0 0 0 0 0 0 0 0 0 0 0 0 0 0 0 0
70 70 68 66 65 63 61 58 56 54 52 50 48 45 44 42 40 40 37 36 34 33 31 31 33 33 33 33 33 33 33 33 33 32 31 31 30 30 29 28 28 26 26 26 24 23 22 21 21 19 19 19 17 16 14 10 9 7 5 2 1 0 0 0 0 0 0 0 0 0 0 0 0 0 0 0 0 0 0 0 0 0 0 0 0 0 0 0 0 0 0 0 0 0 0 0
71 70 68 66 64 63 61 58 56 54 52 50 49 47 45 43 41 40 38 36 34 33 31 30 29 29 28 28 28 29 29 29 28 27 26 26 24 23 21 20 19 17 17 16 15 14 10 10 8 8 8 7 7 7 7 7 4 0 0 0 0 0 0 0 0 0 0 0 0 0 0 0 0 0 0 0 0 0 0 0 0 0 0 0 0 0 0 0 0 0 0 0 0 0 0 0
70 68 68 66 64 63 61 58 56 54 52 50 49 47 45 43 41 39 37 36 34 33 31 29 28 26 26 24 24 24 23 24 21 22 22 19 16 7 7 2 1 0 0 0 0 0 0 0 0 0 0 0 0 0 0 0 0 0 0 0 0 0 0 0 0 0 0 0 0 0 0 0 0 0 0 0 0 0 0 0 0 0 0 0 0 0 0 0 0 0 0 0 0 0 0 0
70 68 66 65 64 63 61 59 56 54 52 50 49 47 45 43 41 38 37 35 34 33 31 29 28 26 24 24 22 20 19 17 17 17 15 8 3 2 1 1 0 0 0 0 0 0 0 0 0 0 0 0 0 0 0 0 0 0 0 0 0 0 0 0 0 0 0 0 0 0 0 0 0 0 0 0 0 0 0 0 0 0 0 0 0 0 0 0 0 0 0 0 0 0 0 0
