Analogs_temp/Normal_1961_1990Y/CMD.asc
NCOLS 1283 
NROWS 1518 
XLLCORNER -113.981666666 
YLLCORNER 48.334166667 
CELLSIZE 0.000277777777864382 
NODATA_value -9999
[rows 0 to 18 of 19, columns 864 to 959 of 1283]
16 15 13 11 9 8 8 11 15 17 18 19 20 20 20 22 22 23 24 25 29 39 42 42 42 42 42 41 41 41 41 40 40 40 40 40 40 40 40 39 39 39 39 39 39 39 39 39 40 40 40 40 40 40 40 40 41 41 41 42 43 43 43 43 41 41 40 40 39 39 39 39 38 38 37 36 36 36 34 33 32 32 32 32 32 32 31 31 30 29 29 27 27 25 23 22
17 15 13 10 7 6 9 11 13 17 18 18 19 20 20 20 22 22 23 24 26 30 40 41 41 41 41 41 40 40 40 40 40 40 40 39 39 39 39 39 39 39 39 39 39 39 39 39 39 39 39 39 40 40 40 40 41 41 41 42 42 43 43 42 41 40 40 39 39 38 38 38 36 36 36 36 36 34 34 32 31 31 31 31 31 31 31 31 30 29 29 27 27 25 24 22
17 15 13 10 6 3 6 11 14 16 17 18 18 19 20 20 20 22 22 23 25 27 31 40 40 40 40 40 40 40 40 39 39 39 39 39 39 38 38 38 38 38 38 38 38 38 38 38 38 38 38 39 39 39 40 40 41 41 41 41 42 42 42 41 41 40 40 39 38 38 38 36 36 36 35 34 34 34 33 32 31 31 31 31 31 31 31 30 30 29 29 27 27 25 24 23
17 15 12 9 3 1 4 7 11 15 16 17 18 18 19 20 20 22 22 23 24 25 27 33 39 39 39 39 39 38 38 38 38 38 38 38 38 38 38 38 38 38 38 38 38 38 38 38 38 38 38 38 38 38 39 40 40 41 41 41 41 41 42 41 41 40 40 39 38 38 36 36 36 35 34 34 34 33 32 32 31 31 30 30 30 30 29 29 29 29 27 27 27 25 25 23
17 15 13 9 4 0 1 4 9 13 15 16 17 18 18 20 20 20 22 22 24 25 26 29 36 38 38 38 38 38 38 38 38 38 38 38 38 38 38 38 38 38 38 38 38 38 38 38 38 38 38 38 38 38 38 39 40 40 40 40 41 41 41 41 40 40 40 39 38 38 36 36 36 34 34 34 33 33 32 32 31 31 30 29 29 29 29 29 29 27 27 27 27 25 25 24
16 15 13 9 4 0 0 1 6 10 13 15 16 17 18 19 20 20 22 22 23 24 25 27 34 36 36 38 38 38 38 38 38 38 38 38 38 38 38 38 38 38 38 38 38 38 38 38 38 38 38 38 38 38 38 38 38 39 39 40 40 40 41 41 40 40 40 39 38 38 36 36 36 35 34 34 33 32 32 31 31 30 29 29 29 29 29 28 27 27 27 27 27 26 25 25
15 13 11 8 1 0 0 0 2 6 11 13 15 16 17 18 18 20 20 22 23 24 25 28 34 36 36 36 36 36 36 36 37 37 37 36 36 36 36 36 36 36 36 36 36 36 36 36 36 36 36 36 36 38 38 38 38 38 38 39 40 40 40 40 40 40 40 39 38 38 36 36 36 35 34 33 32 32 31 31 30 29 29 29 29 28 27 27 27 27 27 27 26 26 25 25
13 11 9 4 0 0 0 0 0 2 6 10 13 14 16 17 18 18 20 20 22 24 25 27 32 35 36 36 36 36 36 36 36 36 36 36 36 36 36 36 36 36 36 36 36 36 36 36 36 36 36 36 36 36 36 36 36 38 38 38 38 38 39 39 40 39 39 38 38 36 36 36 35 34 34 32 32 31 31 31 30 29 29 27 27 27 27 27 27 26 26 26 26 25 25 25
11 9 4 0 0 0 0 0 0 0 1 4 10 11 13 15 16 17 18 20 22 22 24 27 32 34 34 35 35 36 36 36 36 36 36 36 36 36 36 36 36 36 36 36 36 36 36 36 36 36 36 36 36 36 36 36 36 36 36 36 36 36 36 37 38 38 38 36 36 36 35 34 34 33 32 31 31 31 31 31 30 29 27 27 27 27 27 26 25 25 25 25 25 25 25 25
9 6 4 1 0 0 0 0 0 0 0 1 4 7 10 13 15 16 17 18 20 22 24 27 31 32 34 34 34 35 35 35 36 36 36 36 36 36 36 36 36 36 36 36 36 36 36 36 36 36 36 36 36 36 36 36 36 36 36 36 36 36 36 36 36 36 36 36 35 34 34 33 32 31 31 30 29 29 29 29 27 27 27 25 25 25 25 25 25 25 25 25 25 25 25 25
8 6 3 1 0 0 0 0 0 0 0 0 0 2 4 9 11 14 15 16 18 19 22 25 29 31 33 34 34 34 34 34 35 35 35 35 35 36 36 36 36 36 36 36 36 36 35 35 35 35 35 34 34 34 34 34 34 34 35 35 35 34 34 34 34 34 34 34 34 34 33 32 32 31 29 29 27 27 27 26 26 25 25 25 25 25 25 25 25 25 24 24 24 24 24 24
8 6 4 2 0 0 0 0 0 0 0 0 0 0 2 6 10 12 13 15 16 17 20 23 26 31 32 33 33 34 34 34 34 34 34 34 34 35 35 35 35 35 35 35 35 35 34 34 34 34 34 34 34 34 34 34 34 34 34 34 34 34 34 34 34 33 33 33 33 32 32 32 31 31 29 29 27 27 25 25 25 25 25 24 24 24 23 23 23 23 23 22 22 23 23 23
11 9 8 4 1 0 0 0 0 0 0 0 0 0 1 4 7 9 10 11 13 13 15 21 25 27 31 32 33 33 34 34 34 34 34 34 34 34 34 34 34 34 34 34 34 34 34 34 34 34 34 34 34 33 33 33 33 33 33 33 33 33 33 33 32 32 32 32 31 31 31 31 31 30 29 27 27 26 25 25 25 24 24 23 23 22 22 22 22 22 22 21 21 21 22 22
13 11 9 6 4 1 0 0 0 0 0 0 0 0 0 0 1 4 6 7 8 9 11 14 17 22 28 31 32 33 33 34 34 34 34 34 34 34 34 34 34 34 34 34 34 34 33 33 33 33 33 33 33 33 33 33 33 33 33 33 32 32 32 32 31 31 31 31 31 30 30 29 29 29 29 27 27 27 25 25 24 24 23 22 22 22 21 20 20 20 20 20 20 20 20 20
13 13 11 8 6 4 1 0 0 0 0 0 0 0 0 0 0 0 0 1 1 3 5 7 9 18 27 31 31 32 33 33 33 33 33 33 33 33 33 33 33 33 33 33 33 33 33 32 32 32 32 32 32 32 32 32 32 32 32 32 31 31 31 31 31 31 30 29 29 29 29 29 27 27 27 27 27 27 25 25 24 23 22 22 21 20 20 20 20 20 20 18 18 18 20 20
15 15 13 11 9 6 2 0 0 0 0 0 0 0 0 0 0 0 0 0 0 0 0 0 4 16 26 29 30 31 31 32 32 32 32 32 32 33 33 32 32 32 32 32 32 32 32 31 31 31 31 31 31 31 31 31 31 31 31 31 31 31 30 30 29 29 29 29 29 27 27 27 27 27 26 26 25 25 25 25 24 23 22 22 20 20 20 20 18 18 18 18 18 18 18 18
17 15 13 13 10 8 6 3 1 0 0 0 0 0 0 0 0 0 0 0 0 0 0 0 2 13 20 24 27 29 29 31 31 31 31 32 32 32 32 32 31 31 31 31 31 31 31 31 31 31 31 31 30 30 30 29 29 29 29 29 29 29 29 29 29 29 27 27 27 27 27 26 25 25 25 25 25 24 24 24 23 22 22 22 20 20 20 18 18 18 17 16 16 16 16 15
18 17 15 13 11 10 7 4 1 0 0 0 0 0 0 0 0 0 0 0 0 0 0 0 0 4 11 18 22 25 28 29 29 30 31 31 31 31 31 31 31 31 31 31 31 31 30 30 29 29 29 29 29 29 29 29 29 29 29 29 29 29 29 28 27 27 27 27 26 26 25 25 25 25 24 24 24 23 23 22 22 22 22 21 20 20 20 18 18 16 16 15 15 14 14 13
20 17 15 13 12 10 8 6 2 0 0 0 0 0 0 0 0 0 0 0 0 0 0 0 0 0 2 8 15 20 24 27 29 29 29 29 30 30 30 30 30 30 30 29 29 29 29 29 29 29 29 29 29 29 28 27 27 27 27 27 27 27 27 27 27 27 26 26 25 25 25 24 24 24 23 23 23 22 22 22 21 20 20 20 20 20 18 18 16 16 15 14 14 13 13 11
