Analogs_temp/Normal_1961_1990Y/CMD.asc
NCOLS 1283 
NROWS 1518 
XLLCORNER -113.981666666 
YLLCORNER 48.334166667 
CELLSIZE 0.000277777777864382 
NODATA_value -9999
[rows 0 to 18 of 19, columns 192 to 287 of 1283]
31 33 35 35 37 39 39 41 41 42 43 43 43 45 45 47 47 48 49 50 50 51 52 53 53 53 53 53 53 53 53 53 53 53 53 53 53 54 54 54 54 54 54 54 55 55 56 56 56 56 56 56 56 56 56 56 56 56 56 55 54 54 54 53 52 52 51 50 50 49 49 49 48 48 47 47 47 47 47 47 46 46 46 45 45 45 45 45 45 45 45 45 45 45 45 45
29 30 31 33 33 35 37 39 41 41 41 42 43 43 44 45 45 46 47 48 49 49 50 51 52 53 53 53 53 53 53 54 54 54 54 54 54 54 54 54 54 55 55 56 56 56 56 56 56 56 56 57 58 58 58 58 58 58 57 57 56 56 56 55 54 54 54 53 53 52 52 52 52 51 51 51 51 51 50 50 50 50 50 49 49 49 49 49 49 48 48 48 47 47 47 47
27 27 29 31 31 33 35 35 37 39 41 41 41 42 43 43 44 45 46 46 47 48 49 50 51 52 52 53 53 54 54 54 55 55 55 55 55 55 55 56 56 56 56 56 56 56 56 57 58 58 58 58 58 58 59 59 59 59 58 58 58 58 58 57 57 56 56 56 55 55 55 54 54 54 54 54 54 53 53 53 53 53 53 53 53 53 52 52 52 51 51 51 51 51 51 51
25 26 27 29 29 31 31 33 35 35 37 39 40 41 41 42 43 44 45 45 46 47 47 48 49 50 51 52 53 53 54 54 55 56 56 56 56 56 56 56 56 57 57 58 58 58 58 59 60 60 60 60 60 60 60 61 61 60 60 60 60 60 60 59 58 58 58 58 58 58 57 57 57 56 56 56 56 56 56 56 56 56 56 56 56 55 55 55 55 55 55 55 54 54 54 54
23 25 25 27 28 29 31 31 31 33 35 35 37 38 39 41 41 42 43 44 45 45 46 47 48 49 49 50 51 52 53 54 54 55 56 56 56 57 58 58 58 59 60 60 60 60 61 62 62 62 62 62 62 62 62 63 63 62 62 62 62 62 62 61 60 60 60 60 60 59 59 59 59 59 59 59 59 59 59 59 59 59 58 58 58 58 58 58 58 58 58 58 58 58 58 58
23 25 25 26 27 28 29 29 31 33 33 34 35 36 37 39 40 41 42 43 44 45 45 46 47 48 48 49 50 50 51 52 53 54 54 55 56 56 58 58 60 60 62 62 63 64 64 64 64 64 64 65 65 66 66 66 65 64 64 64 64 64 64 64 63 62 62 62 62 62 62 62 61 61 61 61 61 62 62 62 62 62 62 61 61 61 61 61 61 61 61 61 60 60 60 60
23 24 25 25 27 27 28 29 29 31 31 33 33 35 37 37 39 40 41 42 43 44 45 45 46 47 47 48 49 49 50 51 52 53 54 54 55 55 56 58 60 62 62 64 66 66 66 68 68 68 68 68 68 68 68 68 68 68 68 68 66 66 66 66 66 66 66 66 66 64 64 64 64 64 64 64 64 64 64 64 64 64 64 64 64 64 64 64 64 64 64 64 64 64 64 64
22 23 25 25 26 27 27 28 29 29 31 31 33 33 35 37 37 39 40 41 42 43 44 45 45 46 47 47 48 49 50 50 52 52 54 55 56 58 60 62 62 64 66 67 68 70 70 70 70 70 70 70 70 70 70 70 70 70 70 70 70 70 70 70 68 68 68 68 68 68 68 68 68 67 66 66 66 66 68 68 68 68 68 68 68 66 66 66 66 66 66 66 66 66 66 66
22 23 24 25 25 27 27 27 29 29 29 30 31 33 33 35 36 37 39 40 41 43 43 44 45 46 47 48 49 50 50 51 52 54 56 57 60 62 63 64 66 68 68 70 72 72 74 74 74 74 74 74 74 74 74 72 72 72 72 72 72 72 72 72 72 72 72 72 71 70 70 70 70 70 70 70 70 70 70 70 70 70 70 70 70 70 70 70 70 70 70 70 70 70 70 70
23 24 25 26 27 27 27 29 29 29 31 31 33 33 33 35 36 37 39 41 43 44 45 46 47 48 49 49 50 52 53 54 56 58 60 61 64 65 67 68 70 71 72 74 74 74 76 76 76 76 76 76 76 76 76 76 76 76 75 75 74 74 74 74 74 74 74 74 74 74 74 74 74 74 74 73 72 72 72 72 72 72 72 72 72 72 72 72 72 72 72 72 73 73 73 73
25 25 27 27 28 29 29 31 32 33 33 35 35 37 37 39 41 43 44 45 46 47 48 49 50 51 51 52 54 54 56 58 60 62 64 66 68 70 72 72 74 74 76 76 78 78 78 79 78 78 78 78 78 78 78 78 78 78 78 78 77 77 76 76 76 76 77 76 76 76 76 76 76 76 76 76 76 76 75 75 75 75 75 75 75 75 75 75 75 76 76 76 76 76 76 76
24 25 26 27 29 29 31 33 35 35 37 37 39 41 43 44 45 46 47 48 49 50 51 52 53 54 54 55 56 58 60 62 64 67 68 70 72 73 74 76 76 78 78 80 80 80 82 82 82 82 81 80 80 80 80 80 80 80 80 80 80 80 80 79 79 79 79 79 78 78 78 78 78 78 78 78 78 77 77 77 77 77 77 77 77 77 77 77 77 77 77 78 78 78 78 78
25 26 27 27 29 31 33 34 35 37 39 41 43 44 45 47 47 49 50 51 52 53 54 54 55 56 57 58 60 62 64 66 68 70 72 73 74 76 76 78 78 80 82 83 84 84 85 84 84 84 84 84 84 84 84 83 82 82 82 82 82 82 82 81 81 81 81 81 81 80 80 80 80 80 80 80 80 79 79 79 79 78 79 79 79 79 79 79 79 79 79 80 80 80 80 80
25 26 27 27 29 29 31 33 33 35 38 40 41 43 44 45 47 50 51 53 54 55 56 57 58 60 60 62 62 64 66 67 68 70 72 74 74 76 76 78 80 82 84 84 84 84 85 85 85 85 85 85 85 85 86 86 85 84 84 84 84 83 83 83 83 83 83 83 82 82 82 82 82 82 82 81 81 81 81 80 80 80 80 80 81 81 81 81 81 81 81 81 81 81 82 82
24 25 26 27 28 29 30 31 33 33 35 39 40 41 43 45 47 49 50 52 54 55 57 59 60 62 62 63 64 64 66 66 68 69 71 72 74 76 76 78 80 82 84 84 84 84 85 85 85 85 85 85 86 86 86 86 86 86 86 86 86 86 85 85 85 85 85 86 86 86 85 84 84 83 83 83 82 82 82 82 82 82 82 82 82 82 82 82 82 83 83 83 83 83 83 83
23 25 25 26 27 28 29 31 31 33 35 37 39 41 43 44 46 47 49 51 53 55 57 60 61 62 64 64 65 66 66 68 68 70 70 72 74 74 76 78 80 82 84 84 85 85 85 85 85 86 86 86 86 86 86 86 86 86 86 86 86 86 86 86 86 86 86 86 86 86 86 86 85 85 84 84 84 83 83 83 83 83 83 83 83 83 83 83 83 83 84 84 84 85 85 85
23 24 25 25 27 27 29 29 31 31 33 37 39 41 42 44 46 47 49 51 53 56 58 60 62 64 64 66 66 66 68 68 70 70 72 72 74 74 76 80 82 84 84 84 85 85 85 85 86 86 86 86 86 86 86 86 86 86 86 86 86 86 86 86 86 86 86 86 86 87 87 87 87 85 85 85 85 85 85 85 84 84 84 84 85 85 85 85 85 85 85 85 85 85 85 85
22 23 24 25 26 27 27 29 29 31 33 35 38 39 41 43 45 47 50 52 55 57 59 61 64 66 66 67 68 68 68 70 71 72 74 74 76 76 78 80 82 84 84 84 85 85 85 85 85 86 86 86 86 86 86 86 86 86 86 86 86 86 86 86 86 86 86 87 87 87 87 87 87 87 87 86 86 85 85 85 85 85 85 85 85 85 85 85 85 85 85 85 85 85 85 86
22 22 23 24 25 26 27 28 29 31 33 35 37 39 41 43 45 47 51 53 56 58 60 63 65 66 68 68 70 70 70 72 72 74 74 76 77 78 80 82 84 84 84 84 84 85 85 85 85 86 86 86 86 86 86 86 86 86 86 86 86 86 86 86 86 86 86 86 87 87 87 87 87 87 87 87 87 87 86 86 86 86 86 86 86 86 86 86 86 86 87 87 87 87 87 87
