Analogs_temp/Normal_1961_1990Y/CMD.asc
NCOLS 1283 
NROWS 1518 
XLLCORNER -113.981666666 
YLLCORNER 48.334166667 
CELLSIZE 0.000277777777864382 
NODATA_value -9999
[rows 0 to 18 of 19, columns 576 to 671 of 1283]
208 208 208 207 207 207 205 205 205 205 204 204 202 200 199 199 199 199 199 199 198 198 197 195 194 194 193 193 192 192 192 190 189 188 187 187 187 186 186 186 185 184 184 182 181 179 178 175 173 171 168 166 164 163 160 160 157 155 154 151 150 150 149 148 146 144 142 139 139 139 138 139 139 139 144 144 142 138 136 134 132 131 130 128 128 127 127 126 124 124 124 122 122 121 121 119
209 209 209 209 208 207 207 207 207 206 205 205 205 204 204 202 202 200 199 199 199 199 199 199 199 198 196 194 194 194 193 193 192 192 191 191 188 188 188 188 187 187 186 185 185 184 181 179 178 175 175 171 171 169 167 164 161 160 157 155 155 153 153 151 149 147 144 144 143 142 142 142 142 144 146 145 140 137 136 134 134 131 131 130 128 127 127 127 126 124 124 124 124 122 121 121
213 212 211 211 211 209 209 207 207 207 207 207 207 207 206 205 204 204 203 202 201 201 200 200 199 199 199 199 199 196 195 194 194 194 193 193 193 191 191 191 189 188 188 188 187 186 185 185 181 181 178 178 177 175 173 171 167 164 160 160 159 157 156 155 153 151 149 147 146 145 145 145 146 149 149 144 142 139 137 136 134 134 132 131 130 130 128 127 127 127 125 124 124 124 123 122
213 213 213 213 211 211 211 211 211 208 207 207 207 207 207 207 207 207 207 205 204 203 202 201 201 201 201 200 200 199 199 197 195 195 194 194 194 194 194 193 192 192 191 189 189 188 188 187 186 185 184 181 180 179 178 174 173 171 167 165 164 161 160 157 156 155 154 151 151 151 151 151 151 153 151 147 144 141 140 139 137 135 134 133 131 131 130 130 128 127 127 127 126 124 124 124
214 214 213 213 213 213 212 211 211 211 211 210 210 209 209 208 208 207 207 207 207 207 207 206 205 204 201 201 201 201 201 200 198 198 197 196 195 195 195 195 194 194 194 193 192 192 191 189 189 188 187 186 185 184 181 180 178 176 173 172 168 165 163 161 160 158 156 154 154 156 158 158 159 158 154 149 145 144 144 141 139 137 137 135 134 134 132 131 130 130 130 128 127 127 127 124
215 215 215 215 215 215 215 215 214 213 211 211 211 211 210 210 210 209 209 209 209 209 209 209 208 207 207 206 205 204 202 201 201 201 199 199 198 197 197 196 196 196 196 195 195 195 193 193 193 192 190 189 188 187 187 185 183 180 180 178 175 172 169 167 165 161 161 160 160 163 167 164 162 156 154 150 149 145 145 144 141 140 139 137 137 136 135 134 134 132 131 130 130 130 127 127
216 215 215 215 215 215 215 215 215 215 215 215 214 214 213 213 213 213 213 213 213 212 212 212 211 209 209 209 209 208 205 204 203 202 201 201 201 200 200 199 199 198 198 198 196 196 196 196 196 194 194 193 193 191 190 189 187 187 185 182 180 180 176 173 172 169 167 166 169 171 166 162 161 156 154 153 150 149 149 145 145 144 144 141 140 140 138 137 137 135 134 134 132 131 130 130
218 218 218 218 218 218 218 218 216 216 215 215 215 215 215 214 214 214 214 214 214 214 215 216 214 213 213 212 211 209 209 209 206 204 204 203 203 202 202 202 201 201 201 200 200 200 199 199 198 197 196 196 196 194 194 193 192 190 190 187 187 184 182 180 180 178 176 176 175 173 167 164 161 159 158 156 154 154 153 150 150 149 145 145 145 145 143 141 140 138 137 137 135 134 133 132
219 219 219 218 218 218 218 218 218 218 218 218 217 217 217 217 217 217 217 217 217 217 217 217 217 216 216 215 213 212 212 211 209 209 209 208 206 205 204 204 203 203 203 203 203 203 203 202 201 200 200 199 199 197 197 196 195 194 194 192 190 189 187 187 187 185 182 182 176 175 173 169 166 164 161 160 158 158 158 157 156 154 151 150 150 150 149 145 145 144 141 140 138 137 137 135
221 221 221 219 219 219 220 221 221 221 220 218 218 218 218 217 217 217 217 217 217 217 219 220 220 220 219 217 216 216 215 214 212 212 211 211 210 209 209 209 208 206 206 206 206 206 206 204 203 203 203 203 202 201 200 199 199 198 197 195 195 194 193 191 191 189 188 187 182 180 179 175 172 169 168 165 164 164 163 161 160 158 157 156 155 155 154 151 150 150 150 145 143 141 140 138
222 222 222 222 222 222 222 222 222 222 221 221 221 220 220 219 218 218 218 218 220 220 220 220 220 220 220 220 220 219 218 216 216 215 214 214 214 212 212 211 211 211 211 211 211 210 207 206 206 206 206 206 205 204 204 203 202 202 202 200 199 198 196 196 195 195 191 189 188 187 182 182 180 176 174 172 171 170 169 167 166 164 163 161 160 160 158 157 155 155 154 152 150 150 145 143
223 222 222 222 222 222 222 222 223 223 223 222 222 221 221 220 220 220 220 220 220 220 220 220 223 223 223 223 223 222 220 220 218 218 218 218 216 215 214 214 214 214 214 214 213 212 211 211 211 211 209 208 208 207 206 206 206 205 205 205 202 202 201 200 198 197 195 194 192 189 189 187 184 182 181 179 177 175 174 173 172 170 169 166 166 164 163 160 159 158 157 156 155 155 153 151
226 226 226 226 225 225 225 225 225 225 225 224 224 224 223 222 221 221 220 220 220 222 223 223 223 224 225 225 225 225 223 223 222 222 222 221 219 218 218 218 218 218 217 216 215 214 214 214 214 213 213 213 212 210 209 208 208 208 208 207 205 205 205 203 202 201 200 197 196 196 195 193 191 189 188 185 182 182 179 178 176 175 173 172 171 170 169 167 166 166 164 163 162 159 159 157
226 226 226 226 226 226 226 226 226 226 225 225 225 225 224 224 224 224 224 224 224 224 224 224 226 227 227 227 227 227 226 226 226 225 224 223 222 222 222 221 221 221 220 219 218 218 218 216 216 216 216 214 214 214 213 213 212 211 209 208 208 208 208 205 204 203 204 204 204 203 201 199 197 196 196 191 190 189 184 182 182 180 179 178 176 175 174 173 173 173 173 171 170 168 166 166
229 229 229 229 229 228 228 228 228 228 228 228 228 227 226 225 225 224 224 224 224 224 224 227 227 227 227 228 228 229 229 229 228 228 226 226 226 225 225 225 224 223 223 222 221 221 221 220 220 219 216 216 216 216 216 216 216 214 213 213 212 211 209 208 208 206 206 208 208 208 208 207 204 202 201 198 197 196 193 191 189 186 184 182 181 181 180 180 180 180 180 180 179 178 177 176
230 230 230 230 230 230 230 230 229 229 229 229 228 228 228 227 227 227 227 227 227 227 227 227 227 229 229 229 229 229 229 229 229 229 229 229 229 229 229 227 227 227 225 225 225 224 224 223 222 221 221 220 220 220 218 217 216 216 216 216 216 216 212 211 211 210 210 210 210 210 210 210 210 208 208 206 204 203 202 199 198 196 193 191 190 188 188 188 188 188 188 188 188 188 188 187
231 231 232 232 232 232 232 232 232 232 232 232 232 231 230 229 228 228 227 227 227 227 229 229 229 229 229 230 230 231 231 232 232 232 232 232 230 230 230 230 229 229 229 229 229 228 227 226 224 224 223 223 223 222 220 220 220 220 219 218 218 217 216 216 216 216 216 215 214 214 214 215 214 214 213 213 210 210 210 206 206 204 203 201 199 199 198 198 198 198 198 198 198 199 199 198
233 233 233 233 233 233 233 233 233 233 233 233 233 232 232 232 231 231 230 230 230 230 230 230 230 231 232 233 233 233 233 233 233 233 232 232 232 232 232 232 232 231 231 231 231 230 230 229 228 228 227 225 224 223 223 223 223 223 223 223 221 220 219 218 218 218 218 218 218 218 218 218 218 218 219 220 220 218 217 215 213 212 211 210 210 210 208 207 206 206 206 206 206 206 205 205
233 233 233 234 234 235 235 235 235 235 235 235 235 235 235 235 234 232 232 232 232 232 232 234 234 234 234 234 234 234 235 235 236 236 236 237 237 237 236 234 234 233 233 233 233 232 231 231 231 231 230 228 227 226 225 224 224 224 224 224 224 223 223 223 222 221 221 221 220 220 220 220 220 220 220 223 226 226 225 223 221 220 219 218 218 219 218 218 217 216 215 214 213 213 212 212
