Analogs_temp/Normal_1961_1990Y/CMI.asc
NCOLS 1283 
NROWS 1518 
XLLCORNER -113.981666666 
YLLCORNER 48.334166667 
CELLSIZE 0.000277777777864382 
NODATA_value -9999
[rows 0 to 18 of 19, columns 78 to 155 of 1283]
20572 20548 20561 20560 20470 20328 20074 19888 19746 19634 19549 19474 19405 19333 19253 19167 19072 18998 18925 18848 18781 18666 18548 18397 18294 18213 18121 18012 17878 17725 17579 17423 17270 17151 17066 16980 16876 16735 16611 16517 16442 16352 16228 16099 15973 15846 15715 15594 15474 15346 15214 15081 14950 14820 14700 14607 14548 14512 14491 14462 14416 14368 14329 14298 14282 14260 14215 14162 14109 14059 14019 13989 13963 13941 14005 14206 14305 14323
20836 20837 20854 20808 20684 20468 20246 20041 19906 19818 19735 19653 19580 19494 19417 19347 19278 19216 19149 19054 18954 18850 18728 18632 18561 18477 18370 18242 18133 17966 17812 17718 17655 17610 17511 17329 17173 17031 16875 16749 16649 16525 16383 16264 16170 16062 15947 15821 15689 15552 15417 15277 15139 15009 14875 14762 14731 14714 14697 14667 14613 14564 14531 14506 14483 14463 14434 14392 14345 14292 14241 14204 14186 14207 14312 14493 14634 14529
21104 21121 21084 20932 20789 20604 20370 20221 20101 19997 19925 19852 19761 19658 19573 19534 19477 19398 19304 19199 19106 19011 18917 18845 18772 18692 18588 18486 18378 18217 18129 18084 18036 17956 17834 17657 17525 17397 17210 17031 16867 16702 16613 16501 16388 16274 16164 16045 15917 15775 15641 15516 15370 15216 15079 14997 14962 14943 14922 14895 14844 14793 14754 14721 14703 14687 14671 14646 14605 14560 14514 14484 14484 14519 14609 14757 14921 14986
21430 21390 21219 21011 20885 20731 20558 20416 20307 20218 20133 20048 19947 19844 19759 19695 19635 19554 19446 19356 19266 19163 19096 19038 18965 18882 18788 18671 18584 18498 18439 18388 18312 18188 18057 17959 17873 17727 17570 17348 17193 17054 16908 16775 16653 16527 16399 16275 16144 15991 15849 15748 15611 15469 15333 15247 15212 15198 15181 15161 15130 15099 15059 15019 14969 14940 14917 14884 14844 14804 14769 14751 14762 14817 14915 15047 15181 15294
21515 21608 21443 21154 21013 20869 20748 20643 20526 20429 20344 20232 20097 19953 19882 19832 19772 19691 19601 19508 19439 19384 19314 19238 19148 19051 18988 18904 18835 18774 18689 18598 18495 18382 18274 18186 18079 17922 17769 17661 17560 17427 17255 17093 16951 16802 16658 16517 16377 16219 16113 16006 15866 15720 15585 15531 15504 15479 15452 15427 15400 15368 15326 15285 15244 15212 15179 15139 15090 15041 14999 14997 15027 15085 15176 15294 15447 15618
21608 21845 21649 21432 21222 21060 20948 20830 20718 20632 20529 20389 20250 20160 20076 19993 19934 19906 19843 19755 19676 19610 19536 19436 19366 19292 19221 19134 19076 19008 18920 18805 18684 18579 18487 18395 18283 18138 18026 17929 17821 17714 17586 17435 17262 17106 16928 16748 16587 16463 16393 16313 16156 15973 15843 15801 15772 15732 15696 15673 15649 15621 15587 15553 15522 15494 15463 15427 15382 15328 15284 15263 15281 15333 15433 15604 15814 16138
21657 22027 21942 21693 21453 21288 21147 21040 20954 20863 20733 20636 20524 20402 20286 20218 20171 20116 20060 19997 19929 19844 19746 19667 19606 19545 19472 19385 19319 19263 19181 19064 18930 18797 18689 18573 18474 18380 18289 18188 18081 17971 17848 17686 17514 17367 17182 16982 16813 16742 16643 16529 16402 16257 16138 16081 16036 15989 15942 15918 15900 15876 15847 15818 15792 15765 15729 15685 15670 15639 15592 15556 15588 15674 15910 16262 16556 16742
21682 22091 22365 22202 21933 21747 21605 21438 21264 21178 21092 20978 20869 20766 20638 20510 20413 20325 20246 20174 20106 20032 19941 19895 19857 19790 19714 19624 19570 19551 19497 19389 19230 19059 18916 18779 18698 18589 18507 18426 18330 18218 18075 17901 17773 17636 17461 17321 17167 17063 16902 16752 16608 16488 16405 16361 16324 16273 16217 16191 16184 16180 16170 16156 16130 16097 16049 15992 15986 15981 15954 15935 16040 16168 16547 16792 17039 17395
21791 22230 22644 22620 22455 22259 22061 21847 21615 21458 21356 21264 21164 21050 20935 20818 20688 20584 20482 20363 20270 20240 20220 20191 20145 20073 19996 19896 19834 19827 19818 19750 19609 19427 19213 19059 18953 18828 18744 18673 18587 18441 18264 18132 18018 17887 17811 17635 17486 17343 17133 17003 16846 16702 16697 16663 16592 16523 16490 16477 16467 16460 16456 16456 16441 16418 16369 16318 16316 16316 16315 16364 16545 16730 16961 17283 17646 17991
21821 22120 22333 22618 22693 22614 22386 22257 22035 21818 21649 21500 21412 21317 21210 21112 21014 20894 20761 20710 20643 20556 20504 20419 20373 20335 20324 20323 20309 20272 20210 20093 19940 19756 19543 19361 19229 19105 19003 18933 18803 18623 18467 18335 18237 18166 18050 17925 17787 17577 17450 17319 17120 17042 16974 16907 16841 16789 16772 16766 16752 16742 16740 16744 16731 16709 16650 16588 16610 16628 16638 16747 16968 17405 17658 17979 18283 18597
21420 21701 22095 22424 22491 22454 22402 22345 22317 22263 21985 21863 21626 21501 21360 21203 21110 21013 20887 20786 20734 20683 20609 20526 20440 20413 20406 20411 20432 20429 20404 20360 20277 20119 19917 19731 19512 19376 19285 19181 19005 18806 18659 18583 18504 18417 18310 18182 18003 17857 17802 17616 17469 17355 17296 17205 17114 17057 17098 17075 17058 17053 17048 17041 17030 16965 16921 16904 16957 16977 16982 17144 17615 17988 18329 18628 18842 19033
21406 21746 22192 22286 22271 22243 22200 22137 22054 21943 21817 21670 21500 21359 21209 21071 20908 20758 20686 20619 20546 20462 20385 20320 20272 20232 20190 20162 20145 20138 20131 20136 20161 20227 20272 20072 19825 19706 19600 19497 19364 19151 18985 18885 18784 18692 18572 18445 18328 18209 18050 17884 17791 17687 17628 17557 17474 17428 17426 17424 17422 17390 17359 17332 17310 17330 17310 17242 17288 17345 17401 17703 18202 18549 18952 19177 19282 19398
21460 21819 22018 22075 22063 22020 21970 21900 21810 21701 21582 21451 21311 21170 21028 20866 20693 20557 20431 20351 20286 20211 20113 20012 19927 19853 19792 19743 19712 19702 19696 19708 19742 19814 19923 20028 20241 20264 20052 19859 19707 19575 19427 19249 19111 18988 18849 18737 18619 18468 18336 18200 18079 18002 17950 17894 17821 17796 17792 17770 17734 17698 17670 17644 17647 17737 17750 17649 17667 17746 17974 18355 18707 19136 19419 19599 19783 20000
21276 21587 21836 21918 21855 21797 21736 21662 21576 21484 21390 21275 21144 20997 20852 20704 20563 20437 20304 20177 20085 19953 19830 19716 19590 19523 19463 19420 19400 19400 19405 19424 19468 19555 19659 19789 19988 20121 20224 20282 20110 19845 19682 19517 19389 19282 19141 19028 18893 18765 18655 18499 18382 18317 18264 18211 18164 18129 18100 18070 18038 18005 17978 17954 17965 18047 18109 18083 18090 18192 18470 18793 19260 19510 19712 19924 20153 20356
21022 21340 21612 21755 21648 21562 21513 21455 21386 21309 21224 21121 20976 20825 20677 20511 20385 20282 20160 20050 19977 19862 19693 19537 19381 19283 19204 19170 19156 19162 19172 19203 19267 19352 19445 19561 19689 19840 20093 20257 20369 20272 20046 19855 19763 19599 19442 19315 19183 19077 18944 18795 18698 18634 18578 18532 18500 18478 18456 18420 18377 18337 18315 18308 18331 18423 18482 18525 18571 18666 18886 19316 19533 19747 19962 20208 20471 20764
20966 21297 21555 21594 21515 21435 21360 21288 21217 21146 21049 20921 20777 20623 20433 20265 20159 20048 19935 19836 19746 19647 19552 19382 19199 19067 18956 18875 18864 18904 18947 19004 19079 19174 19266 19362 19493 19680 19864 20055 20255 20525 20520 20314 20146 19943 19822 19659 19534 19386 19270 19157 19079 19034 18977 18937 18910 18858 18847 18831 18783 18730 18710 18720 18758 18824 18887 18934 18966 19108 19367 19558 19764 20003 20241 20498 20817 21128
20996 21218 21465 21545 21469 21358 21226 21133 21056 20966 20856 20726 20574 20419 20246 20076 19941 19809 19684 19571 19482 19374 19225 19081 18955 18838 18729 18656 18670 18705 18781 18858 18940 19020 19110 19229 19355 19487 19639 19796 20028 20288 20478 20583 20595 20444 20271 20165 19969 19819 19661 19529 19412 19379 19289 19267 19250 19225 19195 19177 19157 19131 19112 19120 19161 19215 19271 19326 19384 19496 19632 19806 20053 20305 20583 20879 21207 21472
20976 21162 21369 21471 21430 21277 21133 21025 20921 20813 20699 20545 20379 20214 20026 19861 19709 19552 19411 19271 19136 19006 18883 18795 18724 18627 18591 18581 18604 18643 18686 18757 18840 18940 19011 19103 19208 19324 19428 19559 19750 20042 20373 20669 20952 20875 20723 20608 20518 20253 20117 20063 19885 19717 19632 19626 19632 19622 19562 19521 19529 19550 19564 19552 19588 19643 19698 19761 19835 19886 19981 20177 20439 20719 21009 21290 21528 21794
20795 20927 21061 21201 21260 21235 21129 20991 20829 20685 20563 20402 20198 19988 19810 19644 19473 19282 19102 18947 18789 18705 18629 18610 18555 18521 18517 18549 18583 18624 18675 18737 18808 18882 18963 19026 19100 19188 19274 19405 19588 19866 20270 20544 20823 20992 21030 20916 20849 20710 20612 20624 20371 20160 20029 20060 20069 20140 20111 20062 20074 20108 20122 20044 20106 20199 20224 20242 20257 20300 20407 20567 20849 21102 21363 21613 21884 22172
