Analogs_temp/Normal_1961_1990Y/CMI.asc
NCOLS 1283 
NROWS 1518 
XLLCORNER -113.981666666 
YLLCORNER 48.334166667 
CELLSIZE 0.000277777777864382 
NODATA_value -9999
[rows 0 to 18 of 19, columns 858 to 935 of 1283]
19788 19937 20107 20288 20480 20657 20862 21023 21205 21484 21743 21929 21801 21371 20849 20577 20417 20309 20234 20154 20071 19958 19842 19733 19605 19438 18956 17599 17185 17174 17185 17211 17242 17272 17298 17321 17344 17363 17384 17403 17417 17428 17442 17448 17453 17455 17456 17453 17453 17456 17457 17451 17431 17409 17390 17373 17361 17349 17330 17300 17264 17229 17191 17148 17076 16993 16929 16885 16899 16962 17056 17154 17232 17288 17320 17305 17303 17358
19717 19888 20059 20215 20388 20515 20735 21000 21275 21622 21974 22068 21751 21393 21034 20654 20517 20404 20314 20226 20138 20039 19937 19837 19717 19567 19308 18763 17505 17357 17309 17322 17343 17365 17385 17402 17419 17437 17449 17461 17472 17483 17494 17503 17507 17511 17512 17509 17508 17507 17500 17485 17469 17460 17438 17420 17411 17396 17376 17343 17304 17263 17212 17154 17108 17050 16988 16955 16948 17020 17110 17205 17273 17331 17379 17415 17461 17537
19656 19878 20078 20255 20395 20552 20750 20967 21295 21670 22226 22519 22039 21473 21006 20722 20608 20488 20384 20294 20205 20112 20014 19916 19818 19663 19496 19201 18723 17559 17533 17498 17487 17492 17499 17506 17515 17523 17530 17534 17539 17544 17550 17553 17559 17562 17562 17561 17556 17551 17542 17530 17518 17503 17488 17485 17476 17458 17437 17407 17351 17264 17206 17163 17128 17092 17053 17023 17003 17066 17147 17236 17303 17369 17427 17486 17554 17636
19682 19904 20103 20286 20426 20569 20758 21044 21356 21764 22540 22909 22376 21923 21449 20942 20736 20563 20448 20368 20272 20173 20073 19966 19851 19720 19571 19379 19154 18440 17580 17601 17597 17597 17601 17604 17605 17606 17608 17611 17612 17613 17614 17614 17613 17612 17612 17610 17608 17601 17592 17581 17571 17560 17553 17550 17540 17522 17515 17497 17434 17342 17253 17210 17189 17163 17123 17090 17063 17103 17174 17248 17313 17381 17448 17520 17603 17681
19683 19876 20101 20313 20467 20632 20823 21047 21314 21695 22469 23112 22857 22411 21707 21215 20923 20729 20569 20466 20356 20246 20133 20010 19885 19763 19634 19482 19303 18947 18079 17761 17712 17692 17686 17681 17679 17678 17679 17679 17679 17679 17677 17675 17672 17670 17666 17660 17656 17652 17644 17638 17630 17623 17614 17609 17599 17596 17594 17577 17513 17445 17376 17328 17292 17243 17195 17153 17131 17143 17198 17253 17309 17385 17462 17542 17623 17705
19777 19900 20091 20325 20507 20672 20870 21085 21355 21732 22491 23516 23433 22904 22168 21512 21154 20912 20734 20584 20457 20312 20189 20061 19909 19807 19688 19545 19378 19108 18254 17965 17863 17811 17786 17768 17754 17747 17742 17741 17739 17739 17737 17735 17729 17723 17716 17713 17708 17701 17698 17694 17688 17682 17675 17669 17665 17656 17645 17624 17593 17533 17485 17430 17374 17311 17251 17221 17200 17192 17229 17266 17307 17379 17466 17557 17628 17697
19955 20122 20291 20443 20642 20825 21008 21198 21550 22009 22905 23651 23934 23166 22617 22128 21415 21108 20892 20725 20574 20428 20310 20192 20053 19936 19747 19553 19381 19042 18279 18029 17980 17931 17890 17863 17843 17829 17817 17806 17801 17798 17794 17790 17782 17777 17771 17765 17758 17755 17753 17752 17748 17743 17736 17730 17724 17711 17697 17678 17657 17630 17585 17532 17478 17414 17357 17311 17276 17259 17272 17290 17311 17367 17471 17597 17673 17716
20269 20326 20488 20665 20852 21058 21265 21485 21767 22420 23432 23985 23917 24011 23435 22630 22162 21506 21149 20954 20740 20602 20487 20374 20233 20096 19900 19647 19416 19086 18486 18141 18080 18035 17995 17961 17930 17911 17896 17884 17873 17862 17853 17846 17837 17827 17820 17814 17809 17808 17808 17808 17805 17803 17797 17792 17783 17772 17757 17743 17725 17704 17685 17651 17600 17556 17514 17469 17418 17379 17339 17381 17405 17439 17555 17682 17765 17808
20680 20686 20715 20871 21068 21280 21493 21835 22376 23025 23587 23873 23936 24388 24293 23442 22678 22324 21526 21284 21062 20786 20646 20519 20366 20132 19953 19809 19585 19173 18485 18314 18176 18126 18086 18051 18019 17991 17972 17957 17944 17932 17918 17901 17885 17874 17868 17863 17860 17856 17856 17857 17861 17859 17858 17855 17850 17838 17826 17814 17798 17783 17764 17747 17726 17702 17679 17669 17660 17642 17621 17602 17621 17652 17722 17794 17868 17939
21133 21184 21191 21207 21338 21550 21857 22207 22501 22945 23612 23960 24533 24944 24892 24196 23617 22811 22336 21877 21463 21182 20838 20689 20535 20342 20107 19931 19660 19215 18751 18492 18316 18204 18162 18129 18099 18070 18043 18023 18009 17993 17975 17954 17933 17922 17920 17917 17912 17908 17908 17913 17918 17920 17923 17926 17922 17918 17912 17904 17888 17875 17858 17846 17831 17820 17816 17819 17828 17834 17832 17829 17819 17809 17855 17924 17979 18056
21429 21693 21595 21429 21552 21705 22034 22343 22628 22965 23585 24127 24665 25134 25462 25004 24273 23443 22945 22557 22166 21602 21233 20923 20747 20602 20417 20259 19922 19431 18957 18626 18448 18313 18231 18199 18170 18141 18116 18091 18070 18052 18034 18015 18000 17992 17983 17975 17966 17960 17961 17969 17976 17983 17988 17992 17992 17993 17991 17989 17980 17968 17961 17954 17944 17937 17936 17938 17939 17942 17950 17948 17953 17969 17996 18042 18091 18154
21087 21247 21356 21413 21489 21671 21923 22177 22403 22714 23220 23822 24439 24827 25278 25598 25272 24438 23585 23062 22574 22050 21475 21196 20952 20832 20684 20478 20175 19686 19278 18736 18534 18425 18334 18261 18230 18201 18174 18152 18132 18116 18098 18084 18073 18063 18053 18038 18024 18013 18020 18029 18040 18051 18058 18061 18065 18067 18068 18068 18063 18056 18050 18050 18049 18048 18048 18049 18059 18070 18080 18096 18118 18144 18159 18187 18223 18255
20778 20958 21092 21201 21296 21470 21653 21793 22056 22460 22948 23627 24205 24646 24978 25443 25433 24952 24181 23449 22785 22270 21844 21617 21443 21279 21134 21019 20720 19967 19491 19136 18731 18550 18420 18328 18278 18252 18231 18215 18202 18187 18174 18161 18149 18137 18123 18110 18097 18094 18099 18110 18122 18132 18140 18145 18149 18150 18153 18152 18151 18147 18143 18142 18139 18137 18137 18146 18164 18182 18207 18228 18255 18283 18310 18335 18357 18378
20437 20612 20807 20945 21100 21268 21397 21560 21838 22173 22516 23013 23486 23905 24505 24951 25363 24935 24435 24141 23634 23034 22644 22329 22084 21868 21680 21483 21237 20878 20438 19941 19048 18608 18493 18390 18319 18300 18286 18274 18265 18254 18243 18236 18226 18215 18207 18199 18192 18192 18197 18204 18213 18224 18232 18239 18243 18247 18247 18248 18246 18243 18240 18236 18232 18231 18230 18238 18259 18287 18316 18347 18378 18408 18439 18464 18490 18520
20195 20372 20585 20752 20909 21073 21215 21361 21578 21887 22229 22541 22795 23348 23975 24524 24732 24933 25279 25136 24628 24111 23540 23313 22990 22718 22557 22345 22048 21791 21461 20288 19139 18657 18594 18497 18417 18369 18358 18349 18338 18327 18316 18309 18302 18297 18295 18294 18298 18298 18304 18308 18316 18322 18326 18335 18340 18345 18348 18349 18350 18349 18348 18347 18344 18341 18339 18347 18369 18399 18431 18462 18494 18529 18563 18597 18637 18679
19909 20099 20283 20529 20737 20870 21002 21144 21370 21573 21816 22143 22646 23095 23510 23954 24268 24735 25299 25591 25540 25016 24622 24322 24071 23712 23378 23220 23110 23028 22270 20632 19317 18941 18764 18686 18592 18522 18476 18440 18423 18412 18402 18391 18385 18382 18384 18389 18395 18399 18409 18416 18420 18430 18437 18440 18446 18452 18457 18463 18466 18470 18471 18471 18473 18474 18477 18486 18501 18526 18555 18587 18624 18664 18704 18745 18785 18827
19705 19917 20102 20298 20480 20648 20824 21021 21210 21396 21643 21974 22291 22571 22980 23386 23959 24532 25094 25675 25913 25818 25606 25486 25131 24910 24445 24035 23922 23940 22439 20916 20153 19568 19189 18910 18795 18706 18634 18577 18539 18508 18486 18477 18472 18474 18479 18488 18496 18505 18513 18524 18531 18538 18546 18553 18559 18565 18573 18583 18592 18601 18608 18612 18613 18616 18619 18623 18634 18654 18684 18721 18761 18803 18846 18890 18924 18958
19542 19732 19906 20123 20334 20504 20694 20898 21082 21298 21514 21731 22064 22434 22791 23100 23537 24266 25061 25614 26124 26738 26553 26380 26214 25941 25304 25097 24923 24654 23885 22097 21236 20381 19885 19457 19038 18875 18796 18732 18675 18632 18601 18578 18572 18574 18580 18586 18595 18605 18616 18625 18635 18643 18652 18661 18669 18678 18690 18704 18717 18730 18742 18749 18752 18753 18749 18746 18755 18776 18806 18844 18884 18924 18964 18997 19033 19070
19387 19606 19836 20053 20205 20351 20498 20777 20977 21209 21429 21669 21932 22237 22643 23050 23358 23794 24682 25328 25928 26622 27165 27373 27149 26538 26310 26228 25780 25659 24548 23359 22344 21618 20727 20060 19612 19189 18959 18887 18823 18773 18734 18707 18695 18684 18680 18677 18681 18690 18701 18710 18721 18734 18745 18757 18767 18779 18793 18810 18828 18845 18858 18867 18872 18870 18863 18858 18866 18884 18912 18950 18986 19020 19056 19089 19119 19155
