Analogs_temp/Normal_1961_1990Y/CMI.asc
NCOLS 1283 
NROWS 1518 
XLLCORNER -113.981666666 
YLLCORNER 48.334166667 
CELLSIZE 0.000277777777864382 
NODATA_value -9999
[rows 0 to 18 of 19, columns 1014 to 1091 of 1283]
10621 10520 10435 10437 10457 10488 10535 10574 10613 10658 10690 10707 10711 10722 10758 10809 10860 10916 10982 11053 11124 11192 11261 11322 11388 11453 11532 11612 11687 11756 11845 11931 12034 12153 12286 12412 12511 12607 12729 12850 12966 13096 13259 13421 13638 13804 13948 14113 14190 14325 14475 14653 14817 14989 15059 15235 15455 15555 15724 15871 15953 16032 16219 16286 16358 16491 16637 16860 17158 17423 17650 17854 18031 18169 18384 18401 18457 18530
10612 10497 10417 10421 10441 10472 10503 10531 10555 10579 10602 10625 10647 10682 10738 10792 10848 10911 10981 11044 11101 11185 11265 11355 11431 11498 11559 11621 11691 11768 11845 11920 12021 12155 12299 12427 12533 12648 12768 12890 13010 13146 13293 13481 13672 13859 14063 14263 14505 14688 14833 14978 15099 15248 15371 15365 15347 15457 15607 15752 15826 15882 16060 16276 16419 16597 16798 17035 17293 17555 17744 17944 18080 18222 18367 18423 18455 18493
10579 10472 10398 10402 10422 10446 10476 10503 10529 10553 10578 10603 10628 10672 10727 10780 10839 10905 10973 11048 11115 11178 11261 11370 11469 11542 11587 11638 11694 11762 11832 11904 12006 12141 12290 12419 12536 12660 12786 12911 13039 13179 13330 13502 13682 13870 14070 14296 14535 14818 15045 15163 15292 15434 15540 15581 15618 15628 15648 15673 15812 15966 16148 16325 16477 16645 16833 17039 17283 17548 17728 17901 18031 18128 18196 18281 18353 18448
10529 10439 10380 10384 10402 10421 10448 10475 10499 10522 10551 10579 10608 10657 10708 10765 10824 10886 10951 11013 11078 11163 11255 11361 11456 11527 11577 11631 11683 11746 11808 11878 11971 12115 12277 12414 12519 12654 12786 12917 13055 13202 13353 13512 13681 13870 14058 14289 14537 14839 15060 15214 15367 15492 15597 15720 15842 15906 15889 15790 15851 15986 16183 16336 16486 16667 16840 17023 17237 17489 17665 17694 17739 17954 17970 18026 18351 18482
10481 10409 10362 10364 10381 10399 10420 10444 10470 10494 10524 10556 10587 10638 10690 10745 10802 10865 10922 10984 11051 11134 11227 11326 11406 11479 11536 11594 11657 11729 11792 11855 11919 12069 12229 12330 12445 12629 12769 12907 13056 13204 13354 13506 13664 13849 14045 14271 14524 14841 15075 15233 15392 15523 15648 15790 15891 15929 15907 15891 15976 16068 16187 16293 16434 16650 16823 16954 17126 17288 17388 17384 17580 17755 17940 18112 18235 18341
10439 10386 10351 10339 10358 10376 10398 10418 10443 10469 10498 10528 10561 10612 10666 10719 10778 10839 10900 10964 11032 11110 11189 11276 11349 11417 11485 11552 11623 11706 11781 11861 11966 12082 12214 12344 12457 12624 12768 12900 13054 13202 13347 13493 13645 13833 14030 14254 14507 14819 15062 15212 15379 15525 15693 15831 15915 15956 15948 15973 16036 16119 16182 16247 16299 16545 16729 16774 16855 16994 17071 17236 17581 17747 17893 17997 18056 18117
10412 10370 10337 10318 10335 10353 10371 10392 10415 10440 10469 10497 10527 10580 10633 10688 10750 10812 10877 10942 11011 11082 11154 11231 11298 11365 11435 11509 11588 11677 11761 11843 11957 12100 12254 12388 12511 12647 12789 12922 13058 13198 13341 13481 13627 13814 14019 14233 14456 14717 14941 15164 15363 15531 15732 15885 15960 16028 16095 16123 16111 16168 16262 16335 16379 16484 16613 16658 16707 16790 17082 17323 17538 17666 17725 17779 17830 17870
10396 10350 10318 10298 10312 10329 10346 10366 10388 10409 10436 10463 10491 10540 10597 10657 10717 10784 10849 10915 10983 11054 11123 11192 11255 11318 11386 11466 11556 11649 11737 11825 11947 12107 12277 12404 12519 12648 12781 12917 13053 13193 13331 13467 13609 13793 13996 14203 14405 14671 15028 15215 15431 15598 15789 15929 16019 16116 16238 16344 16332 16236 16325 16382 16429 16488 16581 16684 16794 16933 17138 17268 17342 17432 17494 17543 17580 17603
10377 10325 10287 10282 10294 10309 10324 10341 10357 10379 10404 10430 10455 10499 10558 10618 10680 10747 10816 10888 10955 11020 11085 11151 11223 11292 11364 11446 11530 11620 11713 11806 11932 12089 12255 12375 12485 12624 12758 12896 13043 13183 13320 13455 13597 13773 13966 14169 14395 14690 15037 15223 15392 15598 15815 15949 16059 16171 16287 16361 16375 16339 16343 16400 16448 16492 16579 16676 16758 16860 16958 17058 17115 17155 17196 17239 17281 17298
10360 10304 10264 10262 10276 10288 10301 10313 10329 10349 10370 10395 10419 10456 10518 10578 10642 10706 10774 10837 10900 10956 11032 11114 11195 11271 11353 11431 11511 11598 11688 11780 11888 12036 12158 12266 12428 12601 12734 12874 13026 13170 13307 13445 13587 13761 13948 14151 14376 14671 15034 15207 15370 15571 15793 15952 16077 16207 16317 16371 16389 16376 16370 16395 16443 16483 16525 16584 16654 16719 16771 16829 16883 16925 16965 16998 17027 17055
10349 10304 10269 10249 10245 10261 10274 10286 10300 10318 10337 10361 10384 10413 10473 10534 10597 10664 10725 10782 10841 10901 10990 11082 11168 11239 11303 11387 11485 11574 11664 11761 11874 12009 12165 12305 12434 12604 12756 12875 13011 13150 13289 13430 13577 13750 13937 14141 14373 14668 15011 15196 15366 15562 15775 15948 16091 16235 16348 16391 16413 16412 16397 16421 16431 16453 16480 16506 16534 16566 16605 16653 16699 16731 16756 16782 16795 16811
10367 10322 10279 10247 10227 10233 10246 10258 10272 10289 10306 10326 10348 10371 10431 10493 10555 10623 10688 10760 10828 10902 10975 11055 11139 11226 11310 11387 11466 11551 11643 11738 11862 12006 12159 12307 12451 12605 12747 12871 12996 13124 13265 13412 13567 13738 13928 14138 14383 14675 14989 15183 15366 15560 15758 15938 16102 16256 16371 16423 16498 16574 16571 16554 16542 16545 16544 16553 16563 16576 16588 16598 16608 16630 16664 16694 16713 16759
10445 10347 10291 10231 10205 10211 10222 10232 10245 10261 10276 10292 10311 10332 10381 10446 10515 10584 10661 10732 10803 10877 10951 11032 11117 11207 11291 11373 11450 11532 11621 11710 11831 11983 12137 12282 12434 12591 12734 12853 12976 13103 13244 13390 13547 13721 13917 14134 14388 14671 14955 15160 15351 15543 15739 15925 16101 16263 16391 16487 16653 16790 16801 16760 16717 16687 16665 16650 16644 16646 16651 16658 16663 16672 16682 16692 16709 16727
10544 10397 10281 10203 10183 10192 10203 10211 10223 10239 10250 10261 10276 10295 10333 10401 10472 10554 10634 10705 10770 10844 10920 10999 11084 11171 11254 11339 11417 11512 11612 11716 11830 11973 12120 12236 12404 12561 12676 12829 12962 13073 13210 13371 13515 13686 13901 14129 14396 14664 14923 15127 15305 15492 15715 15918 16098 16269 16408 16550 16713 16846 16916 16900 16846 16805 16775 16752 16737 16726 16722 16726 16736 16747 16757 16768 16779 16786
10660 10371 10236 10163 10168 10176 10183 10195 10207 10223 10235 10246 10255 10263 10288 10361 10441 10531 10602 10669 10736 10809 10886 10963 11044 11122 11197 11277 11366 11475 11589 11703 11834 11986 12146 12284 12409 12554 12697 12824 12966 13109 13223 13361 13512 13670 13887 14118 14408 14657 14882 15085 15263 15451 15684 15910 16087 16258 16417 16587 16749 16890 17015 17130 17095 17022 16950 16888 16848 16824 16819 16818 16833 16870 16899 16927 16953 16981
10688 10422 10231 10167 10151 10160 10165 10176 10195 10215 10229 10239 10255 10273 10297 10341 10426 10511 10584 10647 10700 10768 10854 10932 11010 11073 11137 11202 11314 11448 11563 11652 11803 11986 12148 12274 12397 12540 12681 12810 12957 13100 13232 13369 13525 13691 13874 14078 14328 14561 14809 15022 15209 15418 15636 15877 16059 16239 16410 16582 16777 16931 17090 17251 17344 17320 17278 17236 17227 17188 17129 17108 17136 17194 17239 17273 17313 17356
10816 10607 10334 10170 10123 10130 10141 10156 10180 10201 10225 10256 10284 10306 10329 10372 10429 10497 10565 10640 10706 10768 10832 10905 10978 11046 11113 11186 11294 11423 11555 11681 11807 11969 12127 12226 12336 12504 12621 12775 12953 13073 13217 13379 13501 13654 13898 14089 14296 14554 14773 14998 15179 15372 15571 15810 15996 16214 16384 16585 16779 16944 17105 17238 17376 17562 17679 17649 17693 17773 17738 17583 17559 17603 17689 17794 17870 17959
10810 10600 10381 10210 10132 10113 10114 10129 10155 10187 10219 10248 10279 10306 10336 10377 10428 10488 10547 10616 10684 10752 10816 10880 10956 11032 11104 11191 11296 11414 11539 11669 11805 11939 12049 12132 12283 12503 12652 12781 12972 13126 13250 13424 13531 13714 13923 14124 14346 14571 14793 15011 15187 15377 15589 15817 16018 16200 16392 16597 16817 16968 17109 17234 17395 17597 17762 17901 17974 18058 18171 18216 18242 18188 18409 18351 18292 18616
10751 10535 10411 10272 10173 10122 10107 10104 10125 10155 10183 10211 10240 10277 10319 10361 10408 10460 10514 10577 10644 10713 10777 10850 10934 11019 11100 11187 11277 11385 11506 11634 11771 11920 12068 12203 12333 12489 12647 12803 12961 13120 13299 13484 13643 13805 13967 14090 14358 14527 14793 15010 15192 15398 15599 15819 16017 16200 16397 16621 16837 16984 17117 17247 17412 17620 17800 17948 18100 18232 18412 18562 18654 18844 18909 18942 19101 19775
