Analogs_temp/Normal_1961_1990Y/CMI.asc
NCOLS 1283 
NROWS 1518 
XLLCORNER -113.981666666 
YLLCORNER 48.334166667 
CELLSIZE 0.000277777777864382 
NODATA_value -9999
[rows 0 to 18 of 19, columns 780 to 857 of 1283]
14803 14888 14955 14979 15009 15036 15059 15069 15014 14896 14791 14720 14654 14540 14404 14287 14165 14081 13971 13874 13807 13793 13794 13801 13823 13847 13858 13891 13931 13961 13988 13991 13995 14022 14064 14110 14159 14222 14290 14353 14408 14468 14526 14573 14643 14727 14816 14901 14967 15041 15111 15197 15291 15437 15563 15675 15776 15893 16005 16110 16245 16384 16501 16640 16771 16892 17007 17123 17316 17485 17786 18097 18367 18633 18902 19104 19296 19550
14834 14914 14974 15017 15050 15048 14988 14915 14830 14712 14619 14551 14474 14394 14251 14133 13992 13879 13784 13747 13725 13714 13717 13726 13744 13770 13802 13854 13918 13948 13969 13958 13941 13991 14041 14087 14130 14181 14243 14305 14372 14434 14482 14525 14592 14682 14761 14823 14896 15009 15097 15203 15317 15428 15538 15643 15769 15877 15960 16055 16217 16323 16419 16619 16746 16915 17080 17177 17370 17552 17802 18071 18342 18632 18895 19102 19284 19494
14857 14930 14986 15018 14991 14955 14857 14752 14651 14546 14442 14380 14308 14194 14076 13958 13851 13746 13673 13630 13605 13599 13609 13631 13663 13705 13754 13814 13885 13942 13951 13855 13893 13965 14012 14048 14094 14142 14186 14239 14302 14358 14408 14448 14530 14632 14722 14806 14904 14999 15085 15188 15303 15418 15558 15686 15787 15895 16004 16129 16264 16390 16515 16663 16829 17086 17242 17371 17494 17646 17904 18206 18445 18657 18878 19073 19254 19410
14890 14960 14985 14940 14869 14785 14695 14589 14478 14369 14261 14151 14065 13983 13891 13795 13703 13622 13548 13498 13474 13493 13502 13532 13589 13642 13686 13738 13793 13827 13788 13781 13837 13901 13954 14013 14053 14093 14136 14189 14243 14298 14360 14441 14529 14617 14713 14796 14887 14984 15067 15151 15230 15332 15513 15656 15773 15920 16044 16203 16369 16502 16641 16797 17003 17216 17369 17525 17691 17836 18042 18334 18564 18759 18974 19149 19304 19475
14907 14973 14934 14835 14745 14648 14535 14413 14295 14177 14071 13966 13876 13793 13698 13603 13517 13445 13410 13391 13386 13394 13416 13465 13523 13566 13600 13639 13660 13672 13679 13719 13777 13837 13894 13945 13989 14035 14094 14156 14217 14280 14350 14420 14505 14609 14723 14821 14908 14990 15074 15149 15230 15319 15460 15603 15759 15939 16101 16300 16466 16589 16723 16907 17111 17413 17529 17713 17958 18198 18459 18732 18896 19028 19133 19243 19370 19489
14899 14898 14828 14731 14633 14515 14386 14250 14112 13972 13870 13762 13682 13569 13448 13377 13340 13315 13293 13291 13293 13307 13338 13383 13429 13470 13507 13545 13578 13590 13608 13667 13727 13783 13842 13898 13961 14035 14088 14148 14209 14272 14341 14413 14498 14612 14739 14858 14949 15022 15106 15202 15302 15401 15493 15622 15786 15962 16158 16391 16550 16696 16822 17139 17520 17899 18128 18203 18412 18653 18813 19052 19197 19296 19385 19470 19547 19640
14851 14781 14707 14616 14504 14395 14255 14106 13961 13816 13701 13552 13385 13288 13233 13177 13138 13142 13167 13179 13176 13193 13239 13279 13315 13349 13384 13417 13448 13475 13596 13643 13686 13738 13803 13869 13936 14003 14069 14136 14200 14265 14333 14405 14492 14613 14742 14861 14957 15044 15132 15222 15340 15454 15588 15711 15851 15988 16227 16491 16671 16872 17393 17936 18153 18321 18520 18678 18810 18985 19145 19265 19398 19535 19636 19730 19829 19903
14746 14682 14581 14454 14338 14223 14079 13920 13729 13591 13468 13355 13220 13107 13046 12997 12975 13003 13043 13058 13051 13080 13149 13178 13189 13220 13246 13277 13341 13457 13590 13621 13642 13698 13768 13838 13911 13989 14058 14119 14182 14252 14324 14398 14485 14609 14739 14861 14957 15042 15128 15215 15327 15476 15639 15807 16001 16215 16460 16705 16942 17553 17955 18263 18421 18551 18690 18873 19041 19212 19380 19522 19644 19768 19850 19999 20136 20197
14588 14485 14352 14227 14113 13999 13827 13630 13443 13309 13205 13108 13004 12922 12872 12838 12836 12847 12852 12863 12887 12940 12990 13025 13050 13072 13139 13230 13306 13413 13491 13540 13586 13660 13733 13806 13878 13949 14016 14089 14163 14240 14319 14392 14478 14602 14732 14852 14949 15031 15119 15200 15314 15485 15665 15868 16089 16416 16653 16919 17553 17904 18170 18380 18532 18686 18832 18994 19177 19391 19588 19778 19961 20134 20359 20468 20661 20655
14379 14250 14093 13930 13758 13638 13475 13275 13143 13041 12951 12877 12803 12730 12662 12652 12669 12688 12692 12682 12714 12767 12806 12846 12900 13015 13168 13231 13292 13344 13405 13472 13551 13633 13698 13761 13840 13915 13991 14067 14145 14228 14321 14401 14491 14603 14720 14817 14921 15029 15114 15214 15339 15525 15734 15954 16203 16473 16709 17185 17718 17937 18185 18390 18574 18745 18897 19052 19259 19505 19704 19905 20126 20353 20568 20804 21090 21129
14136 13969 13800 13588 13363 13195 13078 12967 12870 12793 12728 12666 12608 12566 12533 12519 12522 12528 12536 12555 12588 12629 12666 12775 12880 13008 13133 13206 13253 13300 13357 13426 13508 13581 13622 13700 13795 13883 13963 14042 14127 14218 14325 14422 14522 14624 14737 14854 14953 15045 15123 15226 15372 15577 15784 16033 16240 16457 16674 17059 17593 17824 18073 18335 18533 18729 18896 19066 19274 19505 19690 19866 20067 20331 20520 20730 20932 21165
13811 13576 13428 13306 13096 12921 12768 12665 12596 12551 12511 12469 12422 12383 12372 12376 12380 12376 12374 12383 12434 12503 12661 12798 12867 12943 13034 13126 13195 13254 13314 13391 13468 13532 13600 13680 13767 13855 13941 14019 14107 14206 14316 14425 14527 14631 14750 14867 14972 15069 15161 15282 15417 15598 15768 15947 16114 16337 16552 16771 17087 17604 17846 18100 18370 18595 18805 18982 19175 19380 19570 19724 19880 20073 20273 20466 20693 20902
13411 13169 12980 12841 12702 12554 12459 12401 12364 12343 12315 12276 12236 12203 12191 12190 12184 12167 12193 12339 12409 12510 12680 12772 12820 12872 12960 13072 13186 13248 13309 13374 13446 13519 13595 13675 13756 13838 13919 13999 14086 14187 14294 14392 14493 14617 14737 14853 14962 15072 15179 15297 15422 15555 15696 15829 15968 16122 16331 16517 16743 16996 17389 17787 18018 18285 18524 18742 18927 19151 19333 19486 19629 19761 19925 20143 20379 20580
12963 12749 12589 12483 12384 12301 12233 12172 12144 12147 12138 12112 12080 12043 11996 11944 11948 12056 12224 12356 12424 12487 12570 12650 12720 12817 12923 13043 13144 13214 13278 13354 13432 13510 13590 13671 13750 13829 13906 13983 14063 14170 14281 14380 14482 14602 14721 14830 14944 15057 15166 15272 15388 15493 15612 15736 15863 15990 16116 16275 16442 16669 16901 17205 17603 17849 18059 18281 18493 18683 18889 19146 19340 19468 19628 19811 19987 20218
12622 12450 12290 12185 12095 12022 11963 11917 11917 11945 11961 11961 11940 11892 11830 11866 11976 12062 12186 12312 12370 12428 12503 12593 12705 12809 12902 13000 13083 13160 13247 13333 13417 13498 13582 13657 13739 13831 13915 13990 14070 14171 14281 14384 14489 14602 14716 14827 14939 15041 15140 15238 15338 15443 15551 15653 15762 15886 16005 16109 16260 16469 16716 16958 17159 17369 17606 17836 17992 18151 18457 18734 18985 19165 19348 19488 19688 19925
12195 11984 11868 11758 11685 11667 11662 11650 11676 11730 11760 11757 11724 11678 11676 11938 11963 12028 12117 12209 12314 12401 12485 12584 12706 12801 12882 12962 13052 13147 13233 13307 13397 13484 13565 13647 13742 13849 13943 14025 14104 14189 14291 14389 14492 14603 14713 14825 14932 15030 15124 15206 15298 15408 15518 15621 15727 15834 15936 16026 16111 16257 16490 16691 16887 17016 17198 17432 17646 17867 18086 18364 18629 18815 18955 19164 19408 19665
11701 11497 11365 11377 11316 11292 11355 11374 11384 11474 11506 11479 11461 11537 11673 11804 11899 11991 12100 12202 12298 12390 12478 12575 12678 12764 12838 12925 13016 13104 13175 13261 13375 13487 13580 13672 13766 13872 13983 14069 14138 14209 14302 14391 14487 14596 14707 14818 14926 15020 15113 15199 15297 15398 15502 15617 15728 15823 15906 15996 16056 16146 16326 16529 16691 16820 16966 17148 17380 17626 17840 18025 18229 18531 18738 18954 19211 19445
11185 11109 11031 10936 10952 10932 11039 11084 11134 11225 11251 11325 11422 11523 11637 11753 11870 11976 12085 12206 12319 12386 12451 12531 12619 12694 12780 12878 12970 13064 13155 13251 13362 13479 13590 13687 13785 13896 14001 14088 14162 14229 14308 14384 14472 14575 14691 14808 14917 15010 15108 15183 15275 15385 15503 15619 15730 15819 15897 15994 16094 16194 16304 16454 16592 16726 16871 17042 17222 17396 17587 17770 17956 18280 18599 18852 19088 19311
10747 10723 10643 10536 10566 10614 10741 10845 10981 11113 11205 11300 11408 11512 11610 11724 11857 11955 12049 12179 12287 12336 12395 12464 12551 12644 12722 12808 12922 13038 13148 13244 13348 13459 13566 13674 13799 13922 14030 14107 14177 14245 14308 14374 14448 14549 14674 14789 14896 15000 15074 15186 15293 15397 15505 15618 15723 15821 15905 16003 16104 16208 16314 16421 16540 16669 16815 16959 17096 17236 17411 17640 17906 18226 18487 18734 18933 19126
