Analogs_temp/Normal_1961_1990Y/DD1040.asc
NCOLS 1283 
NROWS 1518 
XLLCORNER -113.981666666 
YLLCORNER 48.334166667 
CELLSIZE 0.000277777777864382 
NODATA_value -9999
[rows 0 to 18 of 19, columns 0 to 92 of 1283]
-9999 -9999 -9999 -9999 -9999 -9999 -9999 -9999 -9999 -9999 -9999 -9999 -9999 -9999 -9999 -9999 -9999 -9999 -9999 -9999 -9999 -9999 -9999 -9999 -9999 -9999 -9999 195 194 194 194 194 194 194 194 194 194 194 194 194 193 193 193 193 192 192 192 191 191 190 190 189 189 188 188 187 186 186 185 184 183 181 180 179 178 178 177 177 176 176 175 175 175 174 174 174 174 174 174 174 174 173 173 174 174 175 176 176 177 177 178 178 179
-9999 -9999 -9999 -9999 -9999 -9999 -9999 -9999 -9999 -9999 -9999 -9999 -9999 -9999 -9999 -9999 -9999 -9999 -9999 -9999 -9999 -9999 -9999 -9999 -9999 -9999 -9999 194 194 195 195 195 194 194 194 194 194 194 194 194 193 193 193 192 192 192 192 192 191 191 190 190 189 189 188 187 187 186 186 185 183 182 181 180 179 178 178 177 177 176 176 175 175 174 174 174 174 174 173 173 173 173 173 173 174 174 175 175 176 176 177 177 178
-9999 -9999 -9999 -9999 -9999 -9999 -9999 -9999 -9999 -9999 -9999 -9999 -9999 -9999 -9999 -9999 -9999 -9999 -9999 -9999 -9999 -9999 -9999 -9999 -9999 -9999 -9999 194 194 194 194 195 195 195 195 194 194 194 194 193 193 193 193 193 192 192 192 192 192 191 191 190 189 189 188 188 187 187 186 185 184 183 182 180 179 179 178 178 177 177 176 175 175 174 173 173 173 173 172 172 172 172 172 172 173 174 174 175 175 176 176 177 177
-9999 -9999 -9999 -9999 -9999 -9999 -9999 -9999 -9999 -9999 -9999 -9999 -9999 -9999 -9999 -9999 -9999 -9999 -9999 -9999 -9999 -9999 -9999 -9999 -9999 -9999 194 194 194 194 194 194 194 194 195 195 194 194 194 194 193 193 193 193 193 193 192 192 192 191 191 190 190 189 188 188 187 187 186 186 185 184 183 181 180 180 179 178 178 177 177 176 175 174 174 173 172 172 171 171 171 172 172 172 172 173 174 174 175 175 176 176 177
-9999 -9999 -9999 -9999 -9999 -9999 -9999 -9999 -9999 -9999 -9999 -9999 -9999 -9999 -9999 -9999 -9999 -9999 -9999 -9999 -9999 -9999 -9999 -9999 -9999 -9999 194 194 194 194 194 194 194 194 195 195 195 195 194 194 194 194 193 193 193 193 192 192 192 192 191 190 190 189 189 188 188 187 187 186 185 185 184 183 182 181 180 179 179 178 177 176 176 175 174 173 173 172 171 170 171 171 171 171 172 172 173 173 174 174 175 176 176
-9999 -9999 -9999 -9999 -9999 -9999 -9999 -9999 -9999 -9999 -9999 -9999 -9999 -9999 -9999 -9999 -9999 -9999 -9999 -9999 -9999 -9999 -9999 -9999 -9999 -9999 195 195 194 194 194 194 194 194 195 195 195 195 195 195 194 194 194 194 193 193 193 192 192 192 191 190 190 189 189 188 188 187 187 186 185 185 184 183 183 182 181 180 179 178 178 177 176 175 175 174 173 172 171 170 170 170 170 171 171 171 172 173 173 174 174 175 175
-9999 -9999 -9999 -9999 -9999 -9999 -9999 -9999 -9999 -9999 -9999 -9999 -9999 -9999 -9999 -9999 -9999 -9999 -9999 -9999 -9999 -9999 -9999 -9999 -9999 -9999 195 195 195 195 195 195 195 195 195 195 195 195 195 195 195 195 195 194 194 193 193 193 192 192 191 191 190 190 189 188 188 187 187 186 186 185 185 184 183 182 181 180 180 179 178 177 177 176 175 174 173 172 170 169 169 169 170 170 170 171 171 172 172 173 173 174 175
-9999 -9999 -9999 -9999 -9999 -9999 -9999 -9999 -9999 -9999 -9999 -9999 -9999 -9999 -9999 -9999 -9999 -9999 -9999 -9999 -9999 -9999 -9999 -9999 -9999 -9999 195 195 195 195 195 195 195 195 195 195 195 195 195 195 195 195 195 195 194 194 193 193 193 192 192 191 191 190 189 189 188 188 187 186 186 185 185 184 184 183 182 182 181 180 180 179 178 177 176 174 173 171 170 169 168 168 168 168 169 169 170 171 171 172 172 173 173
-9999 -9999 -9999 -9999 -9999 -9999 -9999 -9999 -9999 -9999 -9999 -9999 -9999 -9999 -9999 -9999 -9999 -9999 -9999 -9999 -9999 -9999 -9999 -9999 -9999 -9999 196 196 196 196 196 196 196 196 196 195 196 196 196 195 195 195 195 195 195 194 194 193 193 193 192 191 191 190 190 189 188 188 187 187 186 185 185 185 184 183 183 182 182 181 180 179 178 177 176 174 172 171 169 168 167 166 167 167 167 168 169 170 170 171 171 172 172
-9999 -9999 -9999 -9999 -9999 -9999 -9999 -9999 -9999 -9999 -9999 -9999 -9999 -9999 -9999 -9999 -9999 -9999 -9999 -9999 -9999 -9999 -9999 -9999 -9999 -9999 196 196 196 196 196 196 196 196 196 196 196 196 196 196 196 195 195 195 195 194 194 194 193 193 192 192 191 191 190 189 189 188 188 187 187 186 186 185 184 184 183 183 182 182 181 180 178 177 175 174 172 170 169 168 167 166 166 166 166 167 168 169 169 170 170 171 171
-9999 -9999 -9999 -9999 -9999 -9999 -9999 -9999 -9999 -9999 -9999 -9999 -9999 -9999 -9999 -9999 -9999 -9999 -9999 -9999 -9999 -9999 -9999 -9999 -9999 -9999 197 197 197 197 197 197 197 196 196 196 196 196 196 196 196 196 196 195 195 195 194 194 194 193 192 192 191 191 190 190 189 189 188 188 187 187 186 186 185 184 184 183 182 182 181 180 179 177 175 174 172 171 170 169 168 166 166 166 166 166 167 167 168 169 170 170 171
-9999 -9999 -9999 -9999 -9999 -9999 -9999 -9999 -9999 -9999 -9999 -9999 -9999 -9999 -9999 -9999 -9999 -9999 -9999 -9999 -9999 -9999 -9999 -9999 -9999 -9999 198 197 197 197 197 197 197 197 197 197 197 196 196 196 196 196 196 196 195 195 194 194 194 193 193 192 192 191 191 190 190 189 188 188 188 187 186 186 185 185 184 183 183 182 181 180 179 177 176 174 173 171 170 169 167 167 166 166 166 167 167 168 168 169 170 170 171
-9999 -9999 -9999 -9999 -9999 -9999 -9999 -9999 -9999 -9999 -9999 -9999 -9999 -9999 -9999 -9999 -9999 -9999 -9999 -9999 -9999 -9999 -9999 -9999 -9999 -9999 198 198 198 198 198 198 197 197 197 197 197 197 197 197 197 196 196 196 195 195 194 194 194 194 193 193 192 191 191 190 190 189 189 188 188 187 187 186 185 185 184 183 183 182 181 180 179 177 176 174 172 171 169 168 167 167 167 167 167 167 168 168 169 169 170 171 171
-9999 -9999 -9999 -9999 -9999 -9999 -9999 -9999 -9999 -9999 -9999 -9999 -9999 -9999 -9999 -9999 -9999 -9999 -9999 -9999 -9999 -9999 -9999 -9999 -9999 -9999 198 199 199 198 198 198 198 198 198 197 197 197 197 198 197 196 196 195 195 195 194 194 194 194 193 193 192 192 191 191 190 189 189 188 188 187 187 186 186 185 184 184 183 182 181 180 179 178 176 174 172 171 170 169 168 167 167 167 167 168 168 169 169 170 170 171 172
-9999 -9999 -9999 -9999 -9999 -9999 -9999 -9999 -9999 -9999 -9999 -9999 -9999 -9999 -9999 -9999 -9999 -9999 -9999 -9999 -9999 -9999 -9999 -9999 -9999 -9999 199 199 199 199 199 199 199 198 198 198 198 198 198 198 198 196 196 195 195 195 194 194 194 194 194 193 193 192 191 191 190 189 189 188 188 187 187 186 186 185 184 184 183 182 181 180 179 178 176 174 173 171 170 169 168 167 167 167 167 168 168 169 169 170 170 171 172
-9999 -9999 -9999 -9999 -9999 -9999 -9999 -9999 -9999 -9999 -9999 -9999 -9999 -9999 -9999 -9999 -9999 -9999 -9999 -9999 -9999 -9999 -9999 -9999 -9999 -9999 200 201 200 200 200 200 200 199 199 199 199 199 199 199 198 197 196 196 195 195 195 194 194 194 194 193 193 192 191 191 190 189 188 188 188 187 187 186 186 185 185 184 183 182 181 180 179 178 176 175 173 172 170 169 168 168 168 167 168 168 169 169 170 170 171 172 172
-9999 -9999 -9999 -9999 -9999 -9999 -9999 -9999 -9999 -9999 -9999 -9999 -9999 -9999 -9999 -9999 -9999 -9999 -9999 -9999 -9999 -9999 -9999 -9999 -9999 -9999 201 202 202 201 201 201 201 201 200 200 200 200 200 200 199 197 196 196 196 195 195 195 194 194 194 194 193 192 191 191 190 189 188 188 187 187 187 186 186 185 185 184 183 182 181 180 179 177 176 174 172 171 170 169 168 167 167 167 168 168 169 169 170 170 171 172 173
-9999 -9999 -9999 -9999 -9999 -9999 -9999 -9999 -9999 -9999 -9999 -9999 -9999 -9999 -9999 -9999 -9999 -9999 -9999 -9999 -9999 -9999 -9999 -9999 -9999 -9999 203 203 203 203 202 202 202 202 202 201 201 201 202 201 199 198 197 197 197 196 196 196 195 195 195 194 193 192 191 191 190 189 188 188 188 187 187 186 186 186 185 184 183 182 181 180 178 176 175 174 172 171 170 169 168 167 167 167 168 168 169 169 170 171 171 172 173
-9999 -9999 -9999 -9999 -9999 -9999 -9999 -9999 -9999 -9999 -9999 -9999 -9999 -9999 -9999 -9999 -9999 -9999 -9999 -9999 -9999 -9999 -9999 -9999 -9999 -9999 204 204 204 204 204 204 204 204 203 203 203 203 202 202 200 199 199 199 198 198 197 197 196 196 195 194 193 192 191 191 190 190 189 188 188 187 187 187 186 186 185 184 183 182 181 179 177 175 174 173 172 170 170 169 169 168 168 167 168 168 169 170 170 171 172 173 173
