Analogs_temp/Normal_1961_1990Y/DD1040.asc
NCOLS 1283 
NROWS 1518 
XLLCORNER -113.981666666 
YLLCORNER 48.334166667 
CELLSIZE 0.000277777777864382 
NODATA_value -9999
[rows 0 to 18 of 19, columns 1023 to 1115 of 1283]
208 208 208 209 209 209 209 208 208 208 208 208 207 207 207 207 206 206 206 206 205 205 205 204 204 203 203 202 202 201 201 200 199 199 198 197 196 195 194 194 193 193 192 191 190 190 189 188 187 186 186 185 185 184 184 183 183 182 181 179 178 176 175 174 174 172 172 172 172 171 171 170 170 170 170 170 170 170 170 170 169 169 169 169 169 169 169 168 168 168 168 168 168
208 208 208 208 208 208 208 208 208 207 207 207 207 207 206 206 206 206 205 205 205 205 204 204 203 203 202 202 201 200 200 199 199 198 197 196 195 194 193 192 191 190 190 189 188 188 188 188 188 187 186 186 185 185 183 183 182 181 179 178 177 176 174 174 173 172 172 172 172 171 171 170 170 170 170 170 170 169 168 168 168 168 168 168 168 168 168 168 168 168 168 168 168
208 208 208 208 208 208 208 207 207 207 207 207 206 206 206 205 205 205 205 205 204 204 204 203 203 202 202 201 201 200 199 199 198 197 197 196 195 194 193 191 190 189 188 188 187 186 186 186 186 186 186 185 185 184 183 182 181 180 179 178 176 175 174 174 173 173 173 172 172 171 170 170 169 169 169 169 169 168 168 167 167 167 167 167 167 167 167 167 167 167 167 167 167
208 208 208 208 207 207 207 207 207 207 206 206 206 206 205 205 205 204 204 204 204 204 203 203 202 202 201 201 200 199 199 198 198 197 196 195 194 193 192 191 190 188 188 187 186 186 185 185 184 185 185 185 184 183 182 182 181 180 179 178 176 175 175 175 174 174 174 172 171 171 170 170 169 169 169 169 169 169 169 168 168 168 168 168 168 167 167 167 167 167 167 167 167
207 207 207 207 207 207 207 207 206 206 206 206 206 205 205 205 204 204 204 204 204 203 203 203 202 202 201 201 200 199 199 198 197 196 196 195 194 193 192 191 189 188 187 186 186 185 185 184 184 184 184 184 183 183 182 182 181 180 179 178 177 177 177 176 175 174 173 172 172 171 171 171 170 170 169 169 169 169 169 169 169 169 169 169 169 168 168 168 168 168 168 168 168
207 207 207 207 207 206 206 206 206 206 206 205 205 205 205 204 204 204 204 203 203 203 203 202 202 201 201 200 199 199 198 197 197 196 195 195 194 193 192 190 189 188 187 186 185 185 184 184 183 184 183 183 183 183 182 182 181 180 180 179 179 178 177 175 175 174 173 173 173 172 172 172 172 171 171 171 170 170 170 170 170 170 170 170 170 169 169 169 169 169 169 169 169
206 206 206 206 206 206 206 206 206 205 205 205 205 205 204 204 204 204 203 203 203 202 202 202 201 200 200 199 199 198 198 197 196 196 195 194 193 192 191 190 189 188 187 186 185 184 183 183 183 182 182 182 182 182 181 181 181 180 180 180 179 178 177 175 175 175 174 174 174 174 174 173 173 173 172 172 172 172 172 171 171 171 171 170 170 170 170 170 170 170 170 170 170
206 206 206 206 206 206 206 205 205 205 205 205 204 204 204 204 204 203 203 203 202 202 202 201 201 200 199 199 198 198 197 196 196 195 195 194 193 192 191 190 189 187 186 185 184 183 183 182 182 181 181 181 182 181 181 181 180 180 180 179 178 177 177 176 176 176 175 175 175 175 175 175 175 174 174 173 173 173 173 173 173 172 171 171 171 170 170 170 170 170 170 170 169
205 206 206 206 205 205 205 205 205 205 204 204 204 204 204 203 203 203 203 202 202 202 201 201 200 199 199 199 198 197 197 196 195 195 194 194 193 192 191 190 188 187 186 185 184 183 182 182 181 181 180 180 181 181 180 180 180 180 179 179 178 178 177 177 177 177 177 177 177 177 177 176 176 175 175 175 175 174 174 174 173 173 172 172 171 171 171 171 171 171 170 169 169
205 205 205 205 205 205 205 205 204 204 204 204 204 204 203 203 203 203 202 202 202 201 201 201 200 199 199 198 198 197 196 196 195 195 194 193 192 192 191 190 188 186 186 185 184 183 182 181 181 180 180 180 180 180 180 180 180 180 179 179 179 179 178 178 178 178 178 178 178 178 178 177 177 177 177 177 176 176 175 175 174 173 173 173 172 172 172 171 171 171 170 170 169
205 205 205 205 205 205 205 204 204 204 204 204 204 203 203 203 202 202 202 202 201 201 201 200 200 199 198 198 197 196 196 195 195 194 194 193 192 191 190 189 188 186 185 184 183 182 182 181 180 180 180 180 180 180 180 180 180 180 180 179 179 179 179 179 179 179 179 179 179 178 178 178 178 178 178 177 177 177 176 176 175 174 174 174 173 172 172 172 172 171 170 169 167
204 204 204 204 204 204 204 204 204 204 203 203 203 203 203 202 202 202 201 201 201 201 200 200 199 198 198 197 197 196 195 195 194 194 193 193 192 191 190 189 187 186 185 184 183 182 181 181 180 179 179 179 178 179 179 179 179 179 179 179 179 179 179 179 179 179 179 179 179 178 178 178 178 178 178 178 178 177 177 177 177 176 175 175 174 173 172 171 170 170 169 168 167
204 204 204 204 204 204 204 204 203 203 203 203 203 202 202 202 202 201 201 201 200 200 200 199 199 198 198 197 196 196 195 195 194 193 193 192 191 190 189 188 187 186 185 184 183 182 181 180 179 179 178 178 177 177 177 178 178 178 178 178 178 178 178 178 178 178 179 178 178 178 178 178 178 178 178 177 177 177 177 177 176 175 175 174 173 173 172 171 170 169 168 168 166
203 204 204 204 204 204 204 203 203 203 203 202 202 202 202 201 201 201 201 200 200 200 199 199 198 198 197 197 196 195 195 194 194 193 193 192 191 190 189 188 187 185 184 184 183 182 181 180 179 178 178 177 176 176 176 177 177 177 177 177 178 178 178 178 178 178 178 178 178 178 178 178 178 177 177 177 176 176 176 176 175 175 174 173 173 172 171 170 169 169 168 167 166
203 203 203 203 203 203 203 203 203 202 202 202 202 202 201 201 201 201 200 200 200 199 199 198 198 197 197 196 195 195 194 194 193 193 192 191 191 190 189 187 186 185 184 183 183 181 180 180 179 178 177 176 176 175 175 175 175 176 176 177 177 177 177 177 177 177 177 177 176 176 176 176 176 176 175 175 175 174 174 173 173 173 173 172 172 171 170 169 168 167 166 165 164
202 203 203 203 203 203 203 202 202 202 202 202 202 201 201 201 201 200 200 200 199 199 199 198 197 197 196 196 195 194 194 193 193 192 192 191 190 189 189 187 186 185 184 183 182 181 180 179 179 178 177 176 175 175 174 173 174 174 174 174 175 175 175 175 175 175 174 174 174 174 174 173 173 173 172 172 172 171 171 170 170 169 169 169 169 168 167 166 164 163 162 161 160
202 202 202 202 202 202 202 202 202 202 201 201 201 201 201 200 200 200 200 199 199 198 198 198 197 196 196 195 195 194 194 193 192 192 191 191 190 189 188 187 186 185 184 183 182 181 180 179 178 177 177 176 175 174 174 173 172 172 172 172 171 171 172 172 172 172 171 171 171 170 169 169 168 167 167 167 166 166 165 163 163 162 162 162 162 162 162 162 162 161 143 142 141
201 201 201 201 201 201 201 201 201 201 201 201 201 200 200 200 200 200 199 199 199 198 198 197 197 196 196 195 194 194 193 192 192 191 190 190 189 188 187 186 185 184 183 183 182 181 180 179 178 177 176 175 174 174 173 173 172 171 170 170 169 169 169 169 169 168 168 169 167 165 161 160 158 157 156 155 154 153 152 151 150 149 148 148 147 146 146 145 144 143 142 140 139
201 201 201 201 201 201 201 201 201 201 201 200 200 200 200 200 199 199 199 199 198 198 197 197 196 196 195 194 194 193 193 192 191 191 190 189 188 188 187 186 185 184 183 182 181 180 179 178 178 177 176 175 174 173 173 172 171 170 170 169 168 167 167 166 165 165 165 164 161 158 158 157 157 156 155 154 152 151 150 149 148 147 147 146 145 144 144 143 142 141 140 139 138
