Analogs_temp/Normal_1961_1990Y/DD1040.asc
NCOLS 1283 
NROWS 1518 
XLLCORNER -113.981666666 
YLLCORNER 48.334166667 
CELLSIZE 0.000277777777864382 
NODATA_value -9999
[rows 0 to 18 of 19, columns 930 to 1022 of 1283]
194 194 193 193 193 192 191 191 190 189 189 188 187 186 185 185 185 184 184 184 183 183 182 181 180 179 179 178 176 175 174 172 171 169 168 167 165 164 163 163 162 163 163 163 163 163 163 164 164 164 164 164 164 164 164 165 165 166 167 169 175 177 180 183 186 188 189 191 192 194 196 197 198 198 199 200 201 202 203 204 205 205 206 207 207 208 209 209 209 209 209 209 209
194 193 193 192 192 191 190 190 189 189 188 188 187 185 185 184 184 184 184 183 183 182 182 181 180 179 178 178 176 175 174 172 171 169 168 167 166 164 163 163 163 163 163 163 163 163 164 164 164 164 164 164 164 164 164 164 165 166 167 170 174 177 180 183 186 188 189 190 192 194 195 196 197 198 199 200 201 202 203 204 204 205 206 206 207 208 208 208 208 208 208 208 208
194 193 192 192 191 190 190 189 188 188 187 187 186 185 184 184 183 183 183 183 182 182 181 181 180 179 178 178 177 175 174 173 171 170 168 167 166 165 164 163 162 162 163 163 163 163 163 164 164 164 164 164 164 164 164 164 165 166 167 171 175 177 178 181 182 185 186 188 190 192 194 196 197 197 198 199 200 201 202 203 204 204 205 206 207 207 208 208 208 208 208 208 208
194 193 192 192 191 190 189 189 188 187 187 186 185 185 184 184 183 183 182 182 182 181 181 180 179 179 178 178 177 176 174 173 172 170 169 167 166 165 164 163 163 162 162 162 163 163 163 163 163 163 163 164 164 165 166 168 169 169 169 172 175 176 177 177 178 180 182 185 188 190 192 195 196 197 198 199 200 201 202 203 204 204 205 206 206 207 207 207 207 207 207 207 208
194 193 192 191 191 190 189 188 188 187 186 186 185 185 184 183 183 182 182 181 181 181 180 180 179 178 178 177 177 176 175 173 172 171 169 168 167 165 164 164 163 163 162 162 162 163 163 163 163 163 163 163 163 163 164 166 169 170 171 172 173 173 173 174 175 177 178 182 186 189 191 193 195 197 198 199 200 201 202 203 204 204 205 206 206 206 207 207 207 207 207 207 207
194 193 192 191 190 190 189 188 188 187 186 185 185 184 184 183 182 182 181 181 180 180 180 179 179 178 178 177 177 176 175 174 173 171 170 169 167 166 165 164 163 163 162 162 162 162 162 162 163 163 162 162 162 162 162 163 164 167 168 169 170 170 171 171 171 172 174 177 185 187 189 191 194 196 197 198 200 201 202 202 203 204 205 205 206 206 206 207 207 207 207 207 207
194 193 192 191 190 190 189 188 187 186 186 185 185 184 183 183 182 181 181 180 180 180 179 179 178 178 177 177 176 176 175 174 173 172 170 169 168 167 166 165 164 163 162 162 162 162 162 162 162 162 162 162 162 162 162 162 162 164 166 166 166 167 168 168 169 170 171 172 174 181 186 190 193 195 196 197 199 200 201 202 203 204 204 205 205 206 206 206 206 206 206 206 206
193 192 191 190 190 189 188 188 187 186 185 185 184 184 183 182 182 181 180 180 179 179 178 178 178 177 177 177 176 176 175 175 173 172 171 170 169 168 167 166 164 164 163 162 162 162 162 162 161 161 161 161 161 161 161 161 161 162 163 163 163 164 165 166 167 168 169 170 172 177 181 185 192 194 196 197 198 200 200 201 202 203 204 204 205 205 205 206 206 206 206 206 206
192 191 190 190 189 188 188 187 186 185 184 184 184 183 183 182 181 180 180 179 179 178 178 177 177 177 177 176 176 176 175 175 174 172 172 170 169 168 167 167 166 164 164 163 162 162 162 162 161 161 161 161 161 161 161 161 161 161 162 162 163 163 164 164 165 166 166 169 172 174 178 183 188 193 195 196 198 199 200 201 202 202 203 204 204 205 205 205 205 205 205 205 205
190 190 190 189 188 187 187 186 185 184 183 183 182 182 181 181 180 179 179 178 178 178 178 177 177 176 176 176 176 175 175 174 173 173 172 171 170 169 168 167 166 165 165 164 163 162 162 162 162 161 161 161 161 161 161 161 161 161 162 163 163 164 164 165 165 165 166 167 169 171 173 179 182 191 194 195 197 198 199 200 201 202 203 203 204 204 205 205 205 205 205 205 205
190 189 189 188 187 187 186 185 184 183 182 181 181 180 180 180 179 179 178 178 178 177 177 177 176 176 175 175 175 175 174 174 173 173 172 171 170 170 169 168 167 166 165 165 164 163 163 163 162 162 162 162 161 161 161 161 162 162 162 163 163 164 164 165 165 165 166 167 168 170 172 175 179 180 190 194 195 197 198 199 200 201 202 203 203 204 204 204 204 204 204 205 205
189 188 188 187 187 186 186 185 184 183 182 181 180 180 179 179 178 178 178 177 177 176 176 176 175 175 175 174 174 174 174 174 173 172 172 171 170 170 169 169 168 167 166 165 164 164 163 163 163 162 162 162 162 162 162 162 162 163 163 163 164 164 164 165 165 165 166 166 167 168 170 173 176 179 180 186 193 196 197 198 199 200 201 202 203 203 203 204 204 204 204 204 204
188 187 187 186 186 185 185 184 183 183 182 181 180 179 179 178 178 177 177 176 176 176 175 175 174 174 174 173 173 173 173 173 172 172 171 170 170 169 169 168 168 167 166 165 165 164 164 163 163 163 162 162 162 162 162 162 163 163 163 164 164 164 164 165 165 165 166 166 166 168 169 172 173 174 177 180 189 194 196 197 199 200 201 201 202 202 203 203 203 204 204 204 204
187 187 186 186 185 185 184 183 183 182 182 181 180 179 179 178 177 177 176 176 175 175 174 174 174 173 173 173 173 172 172 172 171 171 170 170 169 169 168 167 167 166 165 165 164 164 163 163 163 163 162 162 162 162 162 163 163 163 163 164 164 164 164 165 165 165 165 166 166 167 168 168 169 170 176 180 186 192 194 196 198 199 200 200 201 202 202 203 203 203 203 203 203
186 186 185 185 184 184 183 183 182 182 181 181 180 179 178 178 177 176 175 175 174 174 174 173 173 172 172 172 172 172 171 171 171 170 170 169 168 168 167 166 166 165 164 164 163 163 163 162 162 162 162 162 162 162 162 162 163 163 163 164 164 164 164 165 165 165 165 166 166 166 167 167 168 170 174 179 185 191 193 195 196 197 198 199 200 201 202 202 203 203 203 203 203
186 185 184 184 183 183 182 182 181 181 180 180 179 179 178 177 177 176 175 175 174 173 173 173 172 172 171 171 171 171 171 170 170 169 168 168 167 166 166 165 165 164 163 163 162 162 162 161 161 161 161 161 161 161 161 161 162 162 162 163 163 163 164 164 164 165 165 165 166 166 166 167 168 169 173 179 184 190 192 193 194 196 197 198 199 200 201 202 202 202 202 202 202
185 184 184 183 183 182 182 181 181 180 180 179 179 178 178 177 176 176 175 174 174 173 172 172 171 171 170 170 169 169 169 169 168 168 167 167 166 165 165 164 163 163 162 162 161 161 161 160 160 160 160 160 160 160 160 160 160 161 161 162 162 162 163 163 163 163 164 164 165 166 166 166 167 169 174 179 183 189 191 193 194 195 196 197 198 199 200 201 202 202 202 202 202
184 184 183 182 182 181 181 180 180 179 179 179 178 177 177 176 176 175 175 174 173 173 172 171 171 170 169 169 169 168 168 167 167 167 166 165 165 164 163 163 162 161 161 160 160 159 159 159 159 159 159 159 159 158 158 159 159 160 160 160 161 161 161 161 161 162 162 163 164 165 166 166 167 170 173 176 180 187 190 191 193 194 195 196 198 199 200 201 201 201 201 201 201
183 183 182 182 181 181 180 180 179 179 178 178 177 177 176 176 175 175 174 174 173 172 171 171 170 169 169 168 168 167 166 166 166 165 165 164 163 163 162 161 161 160 160 159 159 158 158 158 158 157 158 158 157 157 157 157 157 158 158 158 158 159 159 159 159 160 160 161 163 164 165 166 167 171 172 175 178 182 188 190 192 194 195 196 197 198 199 200 200 201 201 201 201
