Analogs_temp/Normal_1961_1990Y/DD1040.asc
NCOLS 1283 
NROWS 1518 
XLLCORNER -113.981666666 
YLLCORNER 48.334166667 
CELLSIZE 0.000277777777864382 
NODATA_value -9999
[rows 0 to 18 of 19, columns 465 to 557 of 1283]
356 356 357 357 358 358 358 359 359 359 360 361 362 362 364 365 367 368 369 371 372 373 375 376 378 380 382 383 384 386 387 388 389 391 392 393 394 396 397 398 399 400 402 403 405 406 407 409 410 411 412 412 413 414 415 415 416 416 417 418 418 419 419 420 420 421 421 421 422 422 422 422 422 422 422 422 422 422 422 422 422 422 422 421 421 420 420 419 419 418 418 418 417
353 354 354 355 355 355 356 356 356 356 357 358 359 360 361 362 364 365 366 367 369 370 372 374 376 378 380 381 383 384 385 386 388 389 390 392 393 394 395 397 398 399 401 402 404 405 407 408 410 411 412 412 413 414 414 415 416 416 417 417 418 419 419 420 420 421 421 421 422 422 422 422 422 422 422 422 423 423 423 423 423 423 423 422 422 421 421 421 420 420 419 419 418
351 351 351 351 352 352 353 353 353 354 354 355 357 359 360 361 362 363 364 366 367 369 371 372 374 376 378 379 381 382 384 385 386 387 389 390 392 393 394 396 397 398 400 401 403 404 406 408 409 411 412 412 413 414 414 415 415 416 417 417 418 419 419 420 420 420 421 421 422 422 422 422 422 422 422 423 423 423 423 424 424 424 425 424 423 423 423 422 422 421 421 420 420
347 347 348 348 348 349 349 350 351 352 353 355 356 357 358 359 361 362 363 365 366 368 369 371 373 374 376 378 379 380 382 383 385 386 387 389 390 392 393 395 396 398 399 401 402 404 406 407 409 410 411 412 413 413 414 415 415 416 416 417 418 418 419 419 420 420 421 421 422 422 422 422 422 422 423 423 423 423 424 425 425 425 425 425 425 425 425 425 425 424 423 423 422
344 344 345 345 346 347 348 349 350 351 352 354 355 355 356 358 360 361 363 364 366 367 368 370 371 373 375 376 378 379 380 382 383 384 386 388 389 391 392 394 395 397 399 401 402 404 405 407 408 410 411 412 412 413 414 414 415 416 416 417 417 418 419 419 420 420 421 421 422 422 422 422 422 423 423 423 423 423 424 425 425 425 425 425 425 425 425 425 425 425 425 425 425
342 342 343 343 344 345 346 348 349 350 351 352 353 354 355 357 359 360 362 364 365 366 368 369 371 372 374 376 377 378 380 381 382 384 385 387 388 390 392 393 395 397 399 401 402 404 406 407 408 409 410 411 412 413 413 414 415 415 416 417 417 418 419 419 420 421 421 421 422 422 422 422 422 423 423 423 423 423 424 425 425 425 425 426 426 426 426 426 426 426 426 426 426
340 340 341 342 342 343 345 346 347 348 349 350 352 353 355 356 359 360 362 363 365 366 368 369 371 373 374 376 377 379 380 381 382 383 384 386 388 390 391 393 395 396 398 400 401 402 404 405 406 407 409 410 411 412 413 414 414 415 415 416 417 418 419 420 420 421 421 421 422 422 422 422 422 422 422 423 423 423 424 425 425 425 425 426 426 426 426 426 426 426 426 426 426
337 338 339 340 341 341 342 344 346 347 348 350 352 354 356 358 360 361 363 364 365 367 368 370 371 373 375 376 378 379 380 381 383 384 384 386 388 389 390 392 394 395 396 398 399 400 401 403 404 406 407 409 410 411 412 413 414 414 415 416 416 418 419 420 420 421 421 421 421 422 422 422 422 422 422 422 423 423 424 425 425 425 426 426 426 426 426 426 426 426 427 427 427
337 338 339 340 341 342 342 344 345 347 348 351 353 356 358 360 361 363 364 365 366 367 368 370 371 373 375 376 378 379 380 382 384 385 386 386 388 389 390 391 392 394 395 396 397 399 400 401 403 405 406 407 408 409 410 412 413 414 414 415 416 417 418 419 420 420 420 421 421 422 422 422 422 422 422 422 422 423 423 424 425 426 426 427 427 427 427 427 427 427 427 427 427
337 338 339 340 342 343 344 346 347 348 351 352 354 356 358 360 362 364 365 366 367 368 369 370 372 373 375 376 378 379 380 382 383 385 386 387 388 389 390 391 392 394 395 396 396 398 399 401 402 402 403 404 406 407 409 410 411 412 413 414 415 416 417 418 419 419 419 420 420 421 421 421 421 421 422 422 422 423 423 423 425 426 426 427 427 427 427 427 427 427 427 427 427
335 337 338 339 341 342 344 345 347 348 351 352 355 356 358 360 362 364 365 366 367 369 370 371 373 374 376 377 379 380 381 383 384 386 387 388 390 391 391 392 393 395 395 396 397 398 399 398 399 399 400 401 403 404 406 408 409 410 411 413 414 415 416 417 418 418 418 419 419 419 419 420 420 421 421 422 422 422 423 423 425 425 426 426 427 427 427 427 427 428 427 428 428
334 335 337 338 340 341 342 344 346 347 350 351 353 355 357 360 361 363 364 365 367 369 371 372 374 376 377 378 380 381 382 384 385 387 388 389 390 392 393 394 395 396 397 397 398 398 398 397 397 397 398 399 400 402 404 405 407 408 410 411 413 414 415 416 416 417 417 418 418 417 417 418 419 419 420 421 422 422 422 423 423 425 425 426 426 426 427 427 427 427 427 427 427
333 334 336 337 338 340 342 343 345 347 349 351 353 355 356 358 359 361 363 364 366 368 370 372 374 376 378 380 381 382 384 385 387 388 389 390 391 393 394 395 396 397 398 398 399 398 398 398 398 398 398 398 399 400 402 403 404 406 409 411 412 413 414 414 415 416 416 416 416 416 416 416 417 418 419 420 421 422 422 423 423 423 425 425 425 426 426 426 427 427 427 427 427
332 334 335 336 338 339 341 343 345 347 349 350 352 353 355 356 358 360 362 364 366 368 370 372 374 376 378 380 382 384 385 387 388 390 391 392 393 394 395 396 397 398 399 399 400 400 400 400 400 400 400 400 400 401 403 403 404 406 409 410 411 411 412 412 413 414 414 415 415 415 415 416 416 417 418 419 420 421 422 422 422 423 423 423 425 425 425 426 426 426 427 427 427
331 333 335 336 337 339 340 342 344 346 347 349 351 353 354 356 358 360 361 363 366 368 370 372 374 376 378 380 382 384 386 388 390 391 392 394 395 395 396 397 398 399 399 400 401 401 402 402 402 402 403 403 403 404 404 405 406 408 409 410 410 410 410 411 411 412 412 413 413 414 414 415 416 416 417 418 419 420 421 421 422 422 422 423 423 424 425 425 426 426 426 427 427
331 332 334 335 336 338 339 341 343 345 347 348 350 352 354 356 357 360 361 364 366 368 371 373 375 377 379 381 383 384 386 388 390 392 393 395 396 396 397 398 398 399 400 401 401 402 403 403 403 404 404 404 405 405 406 407 408 408 408 408 408 408 409 409 410 410 411 411 412 413 413 414 415 416 416 417 418 419 419 420 421 421 422 422 423 423 423 425 425 426 426 427 427
330 332 333 334 335 337 339 341 342 344 346 348 350 352 354 356 357 360 362 364 367 369 372 374 376 378 380 382 383 385 387 388 390 392 393 394 395 396 397 397 398 398 399 400 400 400 401 401 402 403 404 404 405 405 405 405 406 406 406 406 406 407 407 407 408 408 409 410 411 411 412 413 414 415 415 416 417 418 418 419 419 420 421 421 422 422 423 423 424 425 426 426 427
330 331 332 334 336 337 339 340 342 343 345 348 350 352 354 356 358 360 363 365 368 370 373 375 377 379 381 382 384 385 387 388 389 390 391 393 394 394 395 395 396 397 397 397 397 398 398 399 400 401 401 402 402 403 403 403 403 404 404 404 405 405 405 406 406 407 408 408 409 410 411 412 413 413 414 415 416 417 417 418 418 419 420 420 421 422 422 423 423 424 425 426 427
330 331 333 334 336 337 339 341 342 344 346 348 350 353 354 356 358 361 364 367 369 372 374 375 377 379 381 382 384 385 386 387 388 389 390 391 392 392 393 394 394 394 395 395 395 395 396 396 397 398 399 400 400 400 401 401 401 402 402 402 403 403 404 404 405 405 406 407 408 408 409 410 411 412 413 414 415 415 416 417 417 418 419 420 420 421 421 422 423 423 424 425 426
