Analogs_temp/Normal_1961_1990Y/DD5.asc
NCOLS 1283 
NROWS 1518 
XLLCORNER -113.981666666 
YLLCORNER 48.334166667 
CELLSIZE 0.000277777777864382 
NODATA_value -9999
[rows 0 to 18 of 19, columns 1012 to 1103 of 1283]
744 746 747 748 749 749 749 749 749 749 749 748 748 748 749 749 749 748 748 748 747 747 747 746 746 745 745 745 744 743 743 743 742 741 740 739 738 737 737 736 735 734 733 732 730 729 727 725 724 722 722 721 719 717 716 714 714 712 710 709 707 706 705 704 703 702 701 700 699 696 693 690 688 686 684 683 680 680 680 679 678 677 676 676 676 676 676 676 676 675 675 675
743 744 746 747 748 748 748 748 748 748 748 748 748 748 748 748 748 748 747 747 747 746 746 745 745 744 744 743 743 742 742 742 741 740 740 739 737 736 735 735 734 733 732 730 729 727 726 724 722 720 718 716 715 713 712 711 710 710 710 709 708 706 706 705 704 701 700 698 696 694 691 688 687 684 683 682 680 680 679 679 678 677 676 675 676 676 676 675 674 673 672 671
743 744 745 746 747 747 747 747 747 747 747 747 747 747 747 747 747 747 746 746 746 745 745 744 744 743 742 742 742 741 741 741 740 740 739 738 737 736 735 734 733 731 730 729 728 726 725 723 721 719 717 714 712 711 710 708 707 707 707 707 707 707 705 704 702 700 699 697 695 693 691 688 686 684 683 682 681 681 680 679 678 676 675 675 675 675 675 674 673 671 671 671
742 743 744 745 746 746 747 747 747 747 747 747 747 747 747 746 746 746 746 745 745 745 744 744 743 742 742 741 741 741 740 740 740 739 738 737 736 735 734 733 732 731 729 728 727 725 724 722 721 718 716 713 711 710 708 707 706 705 704 703 704 705 704 703 701 700 698 696 695 693 691 688 686 686 686 684 683 683 680 678 678 677 675 674 674 674 674 674 674 673 672 672
742 743 744 745 745 746 746 746 746 746 746 746 746 746 746 746 745 745 745 745 744 744 743 743 742 742 741 741 740 740 740 739 739 738 738 737 735 735 734 732 731 730 729 727 726 725 723 722 720 718 715 712 710 709 707 706 705 704 703 702 703 703 702 702 700 699 698 696 694 693 691 690 689 689 687 685 683 682 680 679 678 678 677 676 675 675 674 674 674 674 674 674
742 743 743 744 745 745 745 745 745 745 745 745 745 745 745 745 745 744 744 744 743 743 743 742 742 741 741 740 740 739 739 738 738 737 737 736 735 734 733 731 730 729 728 727 725 724 723 721 719 717 715 712 710 708 707 705 704 703 702 702 702 702 701 700 700 699 699 696 695 694 694 692 692 690 686 685 683 682 682 681 681 680 679 679 678 677 677 676 676 676 676 676
741 742 743 743 744 744 744 744 744 744 744 744 744 744 744 744 744 744 743 743 743 742 742 742 741 741 740 740 739 739 738 738 737 737 736 735 733 732 731 730 729 728 727 726 725 723 722 720 719 717 715 712 710 708 706 705 703 701 701 700 700 699 700 699 698 698 697 697 695 695 695 694 691 688 686 685 685 684 684 683 683 683 683 682 681 680 680 679 679 679 679 678
740 741 742 742 743 743 743 743 744 744 744 744 744 744 744 744 743 743 743 742 742 742 741 741 740 740 740 739 739 738 738 737 737 736 735 734 732 731 730 729 728 727 726 725 724 723 721 720 718 716 714 712 709 707 705 703 701 700 699 699 698 697 697 698 697 697 696 696 695 694 693 692 690 688 688 687 686 686 686 686 686 686 686 685 683 683 682 682 682 682 681 681
739 740 741 742 742 742 743 743 743 743 743 743 743 743 743 743 743 742 742 742 741 741 741 740 740 740 739 739 738 738 737 737 736 735 734 733 732 731 730 729 728 727 725 724 723 722 721 719 718 716 714 711 708 706 704 703 701 699 698 697 696 696 696 696 696 696 696 695 694 694 693 692 691 690 690 689 689 689 688 688 688 689 688 687 686 685 685 685 684 684 683 682
738 739 740 741 741 742 742 742 742 742 742 742 742 742 742 742 742 742 741 741 741 740 740 740 739 739 738 738 737 737 736 736 735 735 734 733 732 731 730 728 727 726 725 724 722 721 720 719 717 715 713 710 707 705 704 702 700 699 698 696 695 695 695 695 695 695 695 695 694 694 693 693 692 692 691 691 691 691 691 690 690 690 690 690 689 689 688 687 687 686 685 684
737 738 739 740 740 741 741 741 741 741 741 742 742 742 742 742 741 741 741 741 740 740 740 739 739 738 738 737 737 736 736 735 735 734 733 732 731 730 729 727 726 725 724 723 722 721 719 718 716 715 712 710 707 705 703 702 700 698 697 695 694 694 694 694 695 694 694 694 694 694 694 694 694 693 693 693 693 692 692 692 692 691 691 691 691 690 690 690 689 688 687 686
735 737 738 739 739 740 740 740 740 741 741 741 741 741 741 741 741 741 740 740 740 739 739 738 738 738 737 736 736 735 735 734 734 733 732 731 730 729 728 726 725 724 723 722 721 720 719 717 716 714 712 709 706 704 703 701 699 697 696 695 694 693 693 692 692 692 693 693 693 693 693 693 693 693 693 693 693 693 693 692 692 692 692 692 692 691 691 691 690 690 689 689
734 735 736 737 738 739 739 740 740 740 740 740 740 740 740 741 740 740 740 739 739 738 738 738 737 737 736 736 735 735 734 734 733 733 732 730 729 728 727 726 725 724 723 722 721 719 718 717 715 713 711 708 706 704 702 700 699 697 695 694 693 692 690 689 689 690 690 691 691 691 692 692 692 692 692 692 692 692 692 692 692 692 692 692 691 691 690 690 689 689 689 688
732 733 734 736 737 738 739 739 739 739 739 739 739 740 740 740 740 739 739 739 738 738 737 737 737 736 736 735 735 734 734 733 732 732 731 730 729 728 726 725 724 723 722 721 720 719 718 716 714 712 710 707 705 703 702 700 698 696 695 693 692 691 689 688 687 688 688 689 689 690 690 690 690 691 691 691 691 691 691 691 691 691 691 691 690 689 688 688 688 687 687 686
729 731 733 735 737 737 738 738 738 738 738 738 739 739 739 739 739 739 738 738 737 737 737 736 736 736 735 735 734 734 733 732 732 731 730 729 727 726 725 724 723 722 721 720 719 718 717 715 714 712 709 707 705 703 701 700 698 696 694 693 691 690 688 687 686 685 685 686 687 688 688 689 689 689 689 689 689 688 688 688 688 688 687 687 686 686 686 685 684 683 682 682
728 729 731 734 736 736 737 737 737 737 737 738 738 738 738 738 738 738 737 737 737 736 736 736 735 735 734 734 734 733 733 732 731 730 729 728 726 726 725 724 722 721 720 719 718 717 716 714 713 711 709 707 705 703 701 699 697 695 694 692 691 689 687 686 684 683 682 683 683 684 684 684 685 685 685 685 685 684 684 684 683 683 682 681 681 680 679 679 678 677 676 675
725 727 729 731 734 735 736 736 736 737 737 737 737 737 737 737 737 737 736 736 736 735 735 735 734 734 734 733 733 733 732 731 730 729 728 727 726 725 724 723 722 721 720 719 717 716 715 714 712 710 709 706 704 702 701 699 697 695 694 692 690 688 687 685 684 682 681 680 679 679 679 678 678 680 680 680 679 678 678 677 676 674 673 672 670 670 669 669 667 665 663 662
724 726 728 730 732 734 735 735 736 736 736 736 736 736 736 736 736 736 736 735 735 735 734 734 734 733 733 733 732 732 731 730 729 728 727 726 726 725 724 722 721 720 718 717 716 715 714 713 711 709 707 705 703 701 700 698 696 694 693 691 689 688 686 684 683 682 680 679 677 676 675 675 674 673 673 674 672 672 673 670 666 657 656 651 650 648 646 644 641 639 637 635
724 726 728 730 731 733 734 734 735 735 735 735 735 735 735 735 735 735 735 735 734 734 734 733 733 733 732 732 731 731 730 729 729 728 727 726 725 724 723 721 720 719 718 716 715 714 712 711 710 709 706 705 703 701 699 697 696 694 692 690 689 687 685 683 682 681 680 678 676 675 673 672 671 669 668 667 666 666 664 658 652 651 650 649 647 645 643 641 638 636 634 632
