Analogs_temp/Normal_1961_1990Y/DD5.asc
NCOLS 1283 
NROWS 1518 
XLLCORNER -113.981666666 
YLLCORNER 48.334166667 
CELLSIZE 0.000277777777864382 
NODATA_value -9999
[rows 0 to 18 of 19, columns 1104 to 1195 of 1283]
675 675 675 674 674 673 672 672 672 672 672 672 671 671 671 671 671 671 670 670 670 669 669 665 662 660 658 656 652 637 617 600 596 591 588 586 585 583 582 579 573 563 552 550 550 548 545 542 539 539 539 540 541 542 543 544 545 546 547 548 549 550 551 552 553 553 554 555 556 557 558 558 559 559 559 559 559 559 559 561 562 563 564 565 566 567 567 567 567 567 568 568
671 672 672 672 672 671 671 671 671 671 671 671 671 671 671 671 671 670 669 669 669 669 667 664 661 660 655 623 618 612 607 602 597 593 588 585 582 579 576 576 570 562 553 546 542 539 538 538 539 540 541 542 543 544 545 547 548 549 550 551 552 553 554 555 557 558 559 559 560 561 561 561 561 561 561 561 561 562 563 564 565 566 568 568 569 569 569 569 569 569 570 571
671 671 671 671 671 670 670 670 671 671 671 671 671 671 671 672 672 670 668 668 667 666 664 661 659 631 619 614 610 607 603 601 596 591 587 584 581 579 572 566 565 558 550 546 542 539 539 540 541 542 544 545 546 548 549 550 551 553 554 555 556 557 558 559 560 561 561 562 562 563 563 563 563 563 563 563 563 564 565 567 568 569 571 572 572 572 572 571 572 572 572 573
672 672 672 671 671 670 670 670 670 670 670 671 671 671 672 672 672 669 666 665 663 662 659 656 651 647 627 618 612 608 605 602 598 592 586 583 580 577 571 565 556 552 546 543 541 540 541 542 544 545 547 549 550 551 553 554 556 557 558 558 559 560 561 562 562 563 564 565 566 566 567 567 567 566 566 565 566 567 568 570 571 573 574 574 574 574 574 574 575 576 577 579
674 674 674 673 672 672 671 671 671 671 671 672 672 673 673 672 671 667 664 661 660 657 655 653 652 648 635 620 612 605 601 596 592 589 587 584 580 577 573 566 559 555 550 544 542 541 543 545 547 549 551 552 554 555 557 558 559 560 560 561 562 563 565 566 566 567 568 569 569 569 569 569 569 568 568 568 569 570 572 573 575 576 577 577 577 577 578 578 579 579 580 581
676 676 675 675 674 674 674 674 674 674 674 675 675 674 672 671 669 666 664 661 659 657 655 651 645 631 621 611 600 594 588 586 584 580 578 577 576 574 571 566 559 553 548 544 543 544 546 549 551 553 555 556 558 559 560 561 562 563 564 565 566 568 568 569 570 571 571 572 572 572 572 571 571 570 570 571 572 574 575 576 577 578 579 579 580 580 581 581 582 583 583 584
678 677 676 676 676 675 675 675 675 675 675 675 674 673 671 670 668 665 663 662 660 656 652 648 645 638 624 606 593 585 582 582 578 574 567 565 564 562 558 555 551 547 542 543 545 547 550 553 555 557 558 559 561 562 563 564 566 567 568 569 570 571 572 573 574 574 575 575 575 575 575 575 574 574 573 574 575 577 578 579 580 580 581 582 582 583 584 585 585 586 586 587
679 678 677 677 677 676 676 676 676 676 675 674 673 672 670 668 666 664 662 661 660 657 653 648 639 615 617 612 598 588 581 575 573 568 564 560 556 552 549 546 542 541 543 545 548 551 554 556 558 559 561 563 564 565 566 568 569 570 572 573 574 575 576 576 577 578 578 578 579 579 578 578 578 577 577 577 578 579 580 581 582 582 583 584 585 586 587 588 588 588 588 589
681 680 679 678 678 677 677 677 677 676 675 674 672 671 669 666 663 662 661 660 658 652 643 634 629 623 604 594 594 589 581 575 569 563 558 555 552 550 547 542 541 542 545 548 551 554 556 559 561 562 564 565 567 568 570 571 573 574 575 576 577 578 579 579 580 580 581 581 582 582 582 582 581 580 580 580 580 581 582 583 584 585 585 586 587 588 589 590 590 590 591 591
683 682 681 680 679 679 679 678 678 676 675 674 671 669 667 664 661 659 657 656 654 650 645 629 598 596 593 587 581 577 574 569 563 557 553 550 547 545 542 541 542 544 548 551 554 557 559 561 563 565 567 568 570 572 573 575 576 577 578 579 580 580 581 582 583 583 584 585 586 586 586 584 584 583 582 582 583 584 585 586 587 588 588 588 589 590 590 591 593 594 594 595
684 683 683 681 681 680 680 679 677 676 674 669 666 664 662 660 658 656 654 652 649 645 644 636 598 586 576 567 564 561 559 557 555 553 551 549 547 544 542 541 544 547 551 554 557 559 562 564 567 568 570 572 574 575 577 578 579 580 581 582 582 583 584 585 586 587 588 589 590 589 588 587 586 586 586 586 586 586 587 589 590 590 590 591 592 592 593 595 596 598 599 600
687 685 685 683 682 680 679 677 675 674 672 669 665 663 661 658 656 655 653 651 648 624 612 607 593 588 579 569 563 560 559 557 556 554 553 551 549 546 544 545 547 551 554 557 560 562 565 567 569 572 574 576 577 578 580 581 582 583 583 585 586 587 588 589 591 592 593 594 593 592 590 589 589 589 589 588 589 589 590 591 592 593 593 594 596 597 597 598 599 601 602 604
686 685 684 682 681 679 677 676 674 673 671 668 664 662 660 657 655 653 652 644 624 604 586 577 579 575 570 568 563 561 560 558 557 556 555 553 551 549 547 549 552 555 558 561 563 566 568 571 573 575 577 579 580 582 584 585 586 586 587 588 590 591 592 593 595 596 597 597 596 593 592 592 592 592 592 592 592 592 592 594 595 596 596 597 599 600 600 601 602 602 604 606
685 683 682 681 679 678 676 675 673 671 670 667 665 661 659 656 653 651 638 617 598 586 579 577 575 573 570 567 565 563 561 560 558 557 556 554 553 551 550 552 555 558 561 565 567 569 572 575 577 579 581 583 585 586 588 589 589 590 591 592 594 595 596 597 598 599 599 599 598 596 596 595 595 595 595 595 595 595 595 596 597 598 598 599 601 602 602 603 603 604 606 608
681 681 680 679 677 676 674 672 670 668 666 664 661 657 655 651 627 611 593 590 588 585 581 579 577 575 573 570 568 566 564 562 560 558 557 555 554 553 553 556 559 563 565 568 570 573 576 578 581 583 585 587 589 590 592 592 592 593 594 596 597 598 599 600 601 601 602 602 601 600 599 599 598 598 598 598 597 597 598 598 599 600 601 602 603 605 606 606 606 606 608 610
674 674 674 673 671 670 668 664 662 661 659 656 652 644 612 611 597 596 594 590 587 585 583 582 580 578 576 573 571 568 566 564 562 560 558 556 555 555 557 560 563 566 569 572 575 578 580 583 586 588 590 592 594 595 596 596 596 597 597 599 600 601 602 603 604 605 606 605 603 603 602 602 602 601 601 601 601 600 601 601 602 603 603 605 606 608 609 609 609 609 610 612
660 660 660 660 660 660 660 659 657 621 618 617 610 608 605 602 599 597 594 592 589 587 585 584 582 580 578 576 573 570 569 567 564 562 560 558 556 558 561 564 567 570 573 576 579 583 586 589 591 593 595 597 598 599 600 600 600 601 601 602 603 604 605 606 608 609 609 607 607 606 605 605 604 604 604 604 603 603 603 604 604 605 606 607 610 612 612 613 612 611 612 615
633 632 630 629 628 626 625 623 621 618 615 612 609 606 604 602 599 597 595 594 592 590 588 587 585 583 581 578 576 573 570 568 567 564 561 559 560 562 564 567 570 573 577 581 585 588 591 594 596 598 599 601 602 603 603 604 604 604 605 606 607 608 609 610 612 612 611 610 609 609 608 608 607 607 607 606 606 606 606 606 607 607 609 610 612 613 614 616 616 615 615 617
630 628 627 625 624 622 621 619 617 615 613 610 608 606 604 603 601 600 599 597 595 593 591 590 588 585 583 580 578 575 572 570 568 566 564 561 562 564 567 570 574 578 582 586 590 593 595 598 600 602 603 605 606 607 607 608 608 609 609 610 611 612 613 614 615 616 614 613 612 611 611 610 610 610 610 609 609 609 609 610 610 611 612 613 614 615 616 618 618 618 618 619
