Analogs_temp/Normal_1961_1990Y/DD5.asc
NCOLS 1283 
NROWS 1518 
XLLCORNER -113.981666666 
YLLCORNER 48.334166667 
CELLSIZE 0.000277777777864382 
NODATA_value -9999
[rows 0 to 18 of 19, columns 828 to 919 of 1283]
814 812 811 809 807 804 801 798 796 793 790 788 785 781 779 776 773 770 768 765 761 758 752 746 741 736 731 727 724 719 715 712 709 706 703 700 696 694 691 686 682 679 681 687 695 699 701 703 704 705 706 707 709 710 711 714 720 740 745 745 744 743 742 741 740 740 739 738 737 736 736 735 734 734 733 733 732 732 731 730 730 729 729 729 729 728 728 728 727 727 727 727
816 814 812 809 807 805 802 800 797 794 792 789 786 783 781 777 774 770 767 765 761 757 752 747 742 737 732 728 725 721 717 714 711 708 705 703 699 694 690 684 679 677 682 688 693 698 700 702 703 704 705 706 708 709 710 712 715 723 741 742 743 742 741 740 739 739 738 737 736 736 735 734 734 733 733 732 731 731 730 730 729 729 729 728 728 728 727 727 727 726 726 726
817 814 813 810 808 806 802 799 797 794 792 789 785 783 780 776 773 768 764 762 759 756 751 745 741 737 733 729 726 723 718 714 711 708 705 702 699 696 690 684 676 671 678 687 694 698 699 701 702 703 704 706 707 708 709 711 713 717 723 740 740 740 739 739 738 737 737 736 736 735 734 734 733 733 732 731 731 730 730 729 729 729 728 728 728 727 727 726 726 726 726 726
818 815 814 812 810 808 804 801 798 794 791 788 784 781 778 775 770 766 763 759 756 753 749 744 739 735 731 728 725 722 718 714 711 708 705 703 700 695 690 683 671 665 674 680 687 695 698 700 702 703 704 705 706 708 709 711 712 715 718 727 739 738 738 737 737 736 736 735 735 734 734 733 733 732 731 731 730 730 729 729 729 728 728 727 727 726 726 725 725 725 725 725
818 816 814 812 811 809 806 802 799 795 791 787 783 780 777 773 769 763 760 757 752 747 742 737 734 731 729 727 725 722 719 715 711 708 705 702 699 695 691 685 673 663 667 673 684 691 695 698 700 702 703 704 706 707 709 710 712 714 716 720 732 736 737 736 736 735 735 734 734 733 733 732 732 731 731 730 730 729 729 728 728 727 727 727 726 726 725 725 724 724 724 724
818 816 814 812 810 808 806 802 799 795 790 785 782 779 776 769 762 755 750 748 744 740 737 732 729 727 725 724 722 720 718 716 712 708 705 702 699 695 691 685 673 657 659 666 677 687 692 696 698 700 702 704 705 707 709 710 711 713 715 718 730 734 735 735 735 735 734 734 733 733 732 732 731 731 730 730 729 729 728 728 727 727 726 726 725 725 724 724 723 723 723 723
818 816 814 812 810 807 804 801 798 795 790 784 780 776 766 755 751 748 744 741 738 734 731 729 726 724 722 720 718 716 715 712 709 707 703 700 697 694 688 681 667 656 652 663 671 678 689 693 696 699 701 702 704 705 707 708 711 713 715 720 730 733 733 734 734 733 733 733 732 732 732 731 731 730 730 729 729 728 728 727 727 726 726 725 725 724 724 723 723 723 722 722
819 817 815 813 811 808 804 800 796 791 786 781 776 764 756 750 747 744 741 738 734 731 728 725 723 720 719 716 713 712 711 710 707 704 700 697 693 690 685 675 660 651 652 651 659 671 678 688 693 696 699 700 702 703 705 706 709 712 715 719 727 732 732 732 732 732 732 732 732 731 731 730 730 730 729 729 728 728 727 727 726 726 725 725 724 724 723 723 722 722 721 721
820 818 816 814 812 808 804 800 795 788 783 777 765 758 753 748 745 742 739 736 732 728 725 721 718 715 711 709 705 705 704 704 703 701 697 694 690 685 676 666 658 653 652 646 647 660 671 676 688 691 694 698 700 701 703 706 709 710 713 718 728 730 731 731 731 731 731 731 731 730 730 730 729 729 729 728 728 727 727 726 726 725 724 724 723 723 722 722 721 721 721 720
821 818 817 814 812 808 803 799 793 787 782 773 762 758 753 749 745 742 739 736 732 727 723 720 716 711 708 703 699 698 698 697 696 696 694 690 685 679 675 668 658 653 644 638 639 649 658 669 676 683 689 693 697 699 701 704 707 709 712 718 724 727 729 730 731 730 730 730 730 730 729 729 729 728 728 728 727 727 726 726 725 724 724 723 723 722 721 721 720 720 719 719
821 819 817 815 812 808 803 798 793 788 784 776 765 761 756 750 746 743 739 736 732 728 724 721 717 712 709 705 702 698 693 689 690 693 691 688 683 678 673 668 659 651 643 636 631 638 649 661 668 673 679 687 692 696 698 700 703 705 709 715 722 726 728 729 730 730 730 729 729 729 729 728 728 728 727 727 727 726 726 725 725 724 723 723 722 721 721 720 719 719 718 718
821 819 817 814 812 808 804 800 796 791 787 782 775 765 760 755 750 746 741 738 734 730 727 724 721 717 714 710 706 703 699 697 695 694 692 689 685 681 677 672 665 656 646 641 634 630 635 647 659 667 673 681 689 693 696 697 699 702 706 712 717 725 727 728 729 729 729 729 729 728 728 728 727 727 727 726 726 725 725 725 724 723 722 722 721 720 720 719 719 718 717 717
822 819 817 815 812 809 806 803 800 796 791 787 783 777 769 762 757 752 747 743 739 735 731 728 726 723 720 716 712 708 705 702 699 697 696 693 690 687 683 677 669 659 650 644 639 633 633 640 651 661 671 678 684 687 689 691 693 694 698 709 715 719 724 726 728 728 729 728 728 728 727 727 727 726 726 725 725 725 724 724 723 722 722 721 720 719 719 718 718 717 716 716
823 820 818 816 813 811 808 805 802 799 796 793 789 784 779 773 765 760 756 752 747 744 740 735 731 729 726 722 719 715 711 708 705 702 699 696 694 692 687 682 676 669 662 655 647 640 634 641 648 652 659 668 673 677 681 683 686 688 692 696 702 708 720 726 727 728 728 728 728 727 727 726 726 725 725 725 724 724 723 723 722 721 721 720 719 718 718 717 717 716 715 715
824 821 819 817 815 813 810 808 805 802 799 796 793 788 783 778 774 770 765 760 757 754 748 743 738 734 731 728 725 720 716 712 709 706 703 700 698 695 692 687 681 676 672 664 655 647 644 641 636 638 645 653 661 664 668 672 674 677 681 684 688 704 719 725 726 727 727 727 727 726 726 726 725 725 724 724 723 723 722 721 721 720 719 719 718 717 717 716 715 715 714 714
824 822 820 818 816 814 812 809 806 803 801 798 796 793 788 784 779 777 773 768 764 759 755 750 745 741 738 734 730 725 721 717 714 710 706 704 701 699 695 692 688 683 675 668 662 656 651 644 636 632 633 641 646 650 654 659 663 665 666 667 678 700 717 722 724 724 725 725 725 725 725 725 724 724 723 723 722 721 721 720 719 719 718 717 717 716 715 715 714 713 713 712
825 823 821 819 817 815 813 810 807 804 802 800 798 796 792 787 784 781 777 774 769 764 760 756 752 746 742 738 734 729 725 721 717 714 711 708 705 701 698 695 691 686 681 677 670 664 656 648 640 632 628 630 633 635 639 643 649 654 656 655 676 696 706 714 718 721 723 723 724 724 724 724 723 723 722 722 721 720 720 719 718 718 717 716 716 715 714 713 713 712 711 711
826 824 822 820 818 816 813 810 807 805 803 800 798 795 793 789 786 783 780 776 772 769 765 761 757 751 745 741 736 732 728 724 721 717 714 711 707 704 701 697 694 690 685 679 674 669 662 652 641 633 626 618 620 623 625 629 638 640 643 646 656 680 692 703 709 714 719 721 722 722 722 722 722 722 721 721 720 719 719 718 717 716 716 715 714 714 713 712 711 711 710 709
827 825 823 821 819 816 814 811 808 806 803 801 798 796 793 790 788 785 781 778 775 772 768 764 759 753 748 743 739 736 731 727 723 719 716 714 711 706 703 699 695 691 687 682 676 670 666 659 646 637 629 620 613 610 613 621 625 626 632 633 648 664 677 686 698 707 712 717 720 720 720 720 720 720 720 719 719 718 718 717 716 715 715 714 713 713 712 711 710 709 709 708
