Analogs_temp/Normal_1961_1990Y/DD5.asc
NCOLS 1283 
NROWS 1518 
XLLCORNER -113.981666666 
YLLCORNER 48.334166667 
CELLSIZE 0.000277777777864382 
NODATA_value -9999
[rows 0 to 18 of 19, columns 0 to 91 of 1283]
-9999 -9999 -9999 -9999 -9999 -9999 -9999 -9999 -9999 -9999 -9999 -9999 -9999 -9999 -9999 -9999 -9999 -9999 -9999 -9999 -9999 -9999 -9999 -9999 -9999 -9999 -9999 724 724 724 724 724 723 723 723 723 723 723 722 722 722 721 721 721 720 719 719 718 717 716 715 714 713 712 711 710 709 708 706 704 702 700 697 696 694 693 692 691 690 689 688 687 687 687 687 687 687 686 686 686 685 685 685 685 686 688 689 690 691 692 693 694
-9999 -9999 -9999 -9999 -9999 -9999 -9999 -9999 -9999 -9999 -9999 -9999 -9999 -9999 -9999 -9999 -9999 -9999 -9999 -9999 -9999 -9999 -9999 -9999 -9999 -9999 -9999 724 724 724 724 724 724 724 723 723 723 723 722 722 722 721 721 720 720 720 719 719 718 717 716 715 714 713 712 711 710 709 707 706 703 701 699 697 695 694 693 692 691 690 689 688 687 686 685 685 685 685 685 684 683 683 683 684 685 686 688 689 690 690 691 692
-9999 -9999 -9999 -9999 -9999 -9999 -9999 -9999 -9999 -9999 -9999 -9999 -9999 -9999 -9999 -9999 -9999 -9999 -9999 -9999 -9999 -9999 -9999 -9999 -9999 -9999 -9999 723 724 724 724 724 724 724 724 723 723 723 722 722 721 721 720 720 720 720 719 719 718 718 717 716 714 713 712 711 710 709 708 707 705 703 701 698 696 695 694 693 692 691 690 688 687 686 685 684 684 683 683 682 682 682 682 683 684 685 686 687 688 689 690 691
-9999 -9999 -9999 -9999 -9999 -9999 -9999 -9999 -9999 -9999 -9999 -9999 -9999 -9999 -9999 -9999 -9999 -9999 -9999 -9999 -9999 -9999 -9999 -9999 -9999 -9999 723 723 723 724 724 724 724 724 724 724 724 723 722 722 721 721 721 721 720 720 719 719 718 718 717 716 714 713 712 711 711 710 709 708 706 704 702 699 698 696 695 694 693 692 691 689 688 686 685 684 682 681 681 680 681 681 681 682 682 684 685 686 687 688 689 690
-9999 -9999 -9999 -9999 -9999 -9999 -9999 -9999 -9999 -9999 -9999 -9999 -9999 -9999 -9999 -9999 -9999 -9999 -9999 -9999 -9999 -9999 -9999 -9999 -9999 -9999 723 723 723 723 723 724 723 724 724 724 724 724 723 723 722 722 722 721 721 720 720 719 719 718 717 716 715 714 713 712 711 710 709 708 707 705 704 702 700 699 697 696 694 693 692 690 689 687 686 684 683 681 680 679 679 680 680 680 681 682 683 684 685 686 688 689
-9999 -9999 -9999 -9999 -9999 -9999 -9999 -9999 -9999 -9999 -9999 -9999 -9999 -9999 -9999 -9999 -9999 -9999 -9999 -9999 -9999 -9999 -9999 -9999 -9999 -9999 724 724 724 724 724 724 723 724 724 724 724 724 724 724 723 723 723 722 722 721 720 720 719 719 718 716 715 714 713 712 711 710 709 708 707 706 705 703 701 700 699 697 696 694 692 691 689 688 687 686 684 682 679 677 678 678 679 679 680 681 682 683 684 685 686 687
-9999 -9999 -9999 -9999 -9999 -9999 -9999 -9999 -9999 -9999 -9999 -9999 -9999 -9999 -9999 -9999 -9999 -9999 -9999 -9999 -9999 -9999 -9999 -9999 -9999 -9999 724 724 724 724 724 724 724 724 724 724 724 724 724 724 724 724 724 723 722 722 721 720 720 719 718 717 716 715 713 712 711 710 709 708 707 706 705 704 703 701 699 698 696 695 694 692 691 689 688 686 684 681 678 676 676 677 677 678 678 679 680 681 682 683 685 686
-9999 -9999 -9999 -9999 -9999 -9999 -9999 -9999 -9999 -9999 -9999 -9999 -9999 -9999 -9999 -9999 -9999 -9999 -9999 -9999 -9999 -9999 -9999 -9999 -9999 -9999 725 725 725 725 725 725 725 725 725 725 725 725 724 724 724 724 724 724 723 722 721 721 720 719 718 717 716 715 714 713 712 711 709 708 707 706 705 705 703 702 701 700 699 697 696 694 692 690 689 686 683 680 678 675 673 674 674 675 676 677 678 679 680 681 682 683
-9999 -9999 -9999 -9999 -9999 -9999 -9999 -9999 -9999 -9999 -9999 -9999 -9999 -9999 -9999 -9999 -9999 -9999 -9999 -9999 -9999 -9999 -9999 -9999 -9999 -9999 726 726 726 726 726 725 725 725 725 725 725 725 725 725 724 724 724 724 724 723 722 721 721 720 719 718 717 715 714 713 712 711 710 709 708 707 706 705 704 703 702 701 700 699 697 696 693 691 689 685 682 679 677 674 671 671 671 672 673 674 676 677 678 679 680 682
-9999 -9999 -9999 -9999 -9999 -9999 -9999 -9999 -9999 -9999 -9999 -9999 -9999 -9999 -9999 -9999 -9999 -9999 -9999 -9999 -9999 -9999 -9999 -9999 -9999 -9999 727 727 727 727 727 726 726 726 726 726 726 726 726 726 725 725 725 724 724 723 722 722 721 720 719 718 717 716 715 714 713 712 711 710 709 708 707 706 705 704 703 702 701 700 698 696 694 691 688 685 682 679 676 674 673 671 670 670 671 672 674 675 677 678 679 680
-9999 -9999 -9999 -9999 -9999 -9999 -9999 -9999 -9999 -9999 -9999 -9999 -9999 -9999 -9999 -9999 -9999 -9999 -9999 -9999 -9999 -9999 -9999 -9999 -9999 -9999 728 728 728 728 727 727 727 727 727 726 726 726 726 726 726 726 725 725 724 723 723 722 721 720 719 719 718 717 716 715 714 713 712 711 710 709 708 707 706 705 703 702 701 700 698 696 694 691 688 685 682 679 678 676 673 671 670 670 670 671 672 672 674 676 677 678
-9999 -9999 -9999 -9999 -9999 -9999 -9999 -9999 -9999 -9999 -9999 -9999 -9999 -9999 -9999 -9999 -9999 -9999 -9999 -9999 -9999 -9999 -9999 -9999 -9999 -9999 729 729 728 728 728 728 728 728 727 727 727 727 727 727 727 726 726 725 724 724 723 722 722 721 720 719 718 717 716 715 714 713 712 711 710 709 708 707 706 705 704 702 701 700 698 697 694 692 688 685 682 680 677 675 672 671 671 671 671 672 673 674 675 676 677 679
-9999 -9999 -9999 -9999 -9999 -9999 -9999 -9999 -9999 -9999 -9999 -9999 -9999 -9999 -9999 -9999 -9999 -9999 -9999 -9999 -9999 -9999 -9999 -9999 -9999 -9999 730 730 729 729 729 729 729 728 728 728 728 728 727 727 728 726 726 725 724 723 723 722 722 721 720 719 719 718 717 716 714 713 712 711 711 710 709 708 707 705 704 703 701 700 698 697 694 691 688 685 682 679 677 674 673 672 671 671 671 672 673 674 675 677 678 679
-9999 -9999 -9999 -9999 -9999 -9999 -9999 -9999 -9999 -9999 -9999 -9999 -9999 -9999 -9999 -9999 -9999 -9999 -9999 -9999 -9999 -9999 -9999 -9999 -9999 -9999 730 731 731 730 730 730 729 729 729 728 728 728 728 729 728 726 725 725 724 723 723 722 722 721 721 720 719 718 717 716 715 714 713 712 711 710 709 708 707 705 704 703 702 700 699 697 695 692 689 685 682 679 677 675 673 672 672 672 672 673 674 675 676 677 678 680
-9999 -9999 -9999 -9999 -9999 -9999 -9999 -9999 -9999 -9999 -9999 -9999 -9999 -9999 -9999 -9999 -9999 -9999 -9999 -9999 -9999 -9999 -9999 -9999 -9999 -9999 732 732 732 731 731 731 730 730 730 730 730 730 730 730 728 727 725 724 724 723 723 722 722 722 721 720 719 718 717 716 715 713 712 712 711 710 709 708 707 706 705 703 702 701 699 697 695 692 688 685 682 680 678 676 674 673 673 673 673 674 674 675 676 677 679 680
-9999 -9999 -9999 -9999 -9999 -9999 -9999 -9999 -9999 -9999 -9999 -9999 -9999 -9999 -9999 -9999 -9999 -9999 -9999 -9999 -9999 -9999 -9999 -9999 -9999 -9999 734 734 734 733 733 733 732 732 731 731 731 731 732 732 730 728 726 725 724 724 723 723 722 722 722 721 720 719 717 716 714 713 712 711 710 709 709 708 707 706 705 703 702 701 699 697 694 692 689 686 683 681 678 675 674 673 673 673 673 674 675 676 677 678 679 681
-9999 -9999 -9999 -9999 -9999 -9999 -9999 -9999 -9999 -9999 -9999 -9999 -9999 -9999 -9999 -9999 -9999 -9999 -9999 -9999 -9999 -9999 -9999 -9999 -9999 -9999 735 736 736 735 735 735 735 734 733 733 733 733 733 733 730 728 726 726 725 725 724 723 723 722 722 722 720 719 717 716 714 713 712 711 710 709 709 708 707 706 705 703 702 701 699 696 694 691 688 686 682 679 677 675 674 673 673 673 673 674 675 676 677 679 680 681
-9999 -9999 -9999 -9999 -9999 -9999 -9999 -9999 -9999 -9999 -9999 -9999 -9999 -9999 -9999 -9999 -9999 -9999 -9999 -9999 -9999 -9999 -9999 -9999 -9999 -9999 737 738 738 737 737 737 737 737 736 735 735 735 735 734 731 729 728 727 727 726 725 725 724 724 723 722 720 719 717 716 715 713 712 711 710 709 709 708 707 706 705 704 702 700 698 695 692 689 686 684 681 679 677 675 674 673 672 673 673 674 675 677 678 679 680 682
-9999 -9999 -9999 -9999 -9999 -9999 -9999 -9999 -9999 -9999 -9999 -9999 -9999 -9999 -9999 -9999 -9999 -9999 -9999 -9999 -9999 -9999 -9999 -9999 -9999 -9999 739 739 739 740 740 740 739 739 738 738 737 737 737 736 733 730 730 730 730 729 728 727 726 725 724 722 720 718 717 716 715 714 713 711 710 710 709 708 708 707 705 704 702 700 698 694 691 688 685 683 681 678 677 676 675 674 673 672 673 674 675 677 678 679 681 683
