Analogs_temp/Normal_1961_1990Y/DD_0.asc
NCOLS 1283 
NROWS 1518 
XLLCORNER -113.981666666 
YLLCORNER 48.334166667 
CELLSIZE 0.000277777777864382 
NODATA_value -9999
[rows 0 to 18 of 19, columns 0 to 84 of 1283]
-9999 -9999 -9999 -9999 -9999 -9999 -9999 -9999 -9999 -9999 -9999 -9999 -9999 -9999 -9999 -9999 -9999 -9999 -9999 -9999 -9999 -9999 -9999 -9999 -9999 -9999 -9999 1168 1168 1168 1169 1169 1169 1169 1169 1170 1170 1170 1171 1171 1171 1172 1172 1172 1173 1173 1174 1175 1175 1176 1176 1177 1178 1179 1179 1180 1181 1182 1183 1185 1186 1187 1189 1190 1191 1192 1193 1193 1194 1195 1195 1196 1196 1197 1197 1197 1197 1197 1198 1198 1199 1199 1199 1199 1199
-9999 -9999 -9999 -9999 -9999 -9999 -9999 -9999 -9999 -9999 -9999 -9999 -9999 -9999 -9999 -9999 -9999 -9999 -9999 -9999 -9999 -9999 -9999 -9999 -9999 -9999 -9999 1168 1168 1168 1168 1169 1169 1169 1169 1170 1170 1170 1171 1171 1171 1172 1172 1173 1173 1173 1174 1174 1175 1175 1176 1177 1178 1178 1179 1180 1181 1181 1182 1184 1185 1187 1188 1189 1190 1191 1192 1193 1193 1194 1195 1196 1196 1197 1198 1198 1198 1198 1199 1199 1200 1200 1200 1200 1199
-9999 -9999 -9999 -9999 -9999 -9999 -9999 -9999 -9999 -9999 -9999 -9999 -9999 -9999 -9999 -9999 -9999 -9999 -9999 -9999 -9999 -9999 -9999 -9999 -9999 -9999 -9999 1168 1168 1168 1169 1169 1169 1169 1169 1170 1170 1170 1171 1171 1172 1172 1173 1173 1173 1173 1174 1174 1175 1175 1176 1177 1178 1178 1179 1180 1180 1181 1182 1183 1184 1185 1187 1189 1190 1191 1192 1192 1193 1194 1195 1195 1196 1197 1198 1199 1199 1199 1200 1200 1201 1201 1201 1201 1200
-9999 -9999 -9999 -9999 -9999 -9999 -9999 -9999 -9999 -9999 -9999 -9999 -9999 -9999 -9999 -9999 -9999 -9999 -9999 -9999 -9999 -9999 -9999 -9999 -9999 -9999 1168 1168 1168 1169 1169 1169 1169 1169 1169 1169 1170 1170 1171 1171 1172 1172 1172 1173 1173 1173 1174 1174 1175 1175 1176 1177 1178 1178 1179 1180 1180 1181 1182 1183 1184 1185 1186 1188 1189 1190 1191 1192 1192 1193 1194 1195 1196 1197 1198 1199 1200 1201 1201 1201 1201 1201 1201 1201 1201
-9999 -9999 -9999 -9999 -9999 -9999 -9999 -9999 -9999 -9999 -9999 -9999 -9999 -9999 -9999 -9999 -9999 -9999 -9999 -9999 -9999 -9999 -9999 -9999 -9999 -9999 1168 1168 1169 1169 1169 1169 1169 1169 1169 1169 1170 1170 1170 1171 1171 1172 1172 1172 1173 1173 1174 1174 1175 1175 1176 1177 1178 1178 1179 1180 1180 1181 1182 1183 1183 1184 1185 1187 1188 1189 1190 1191 1192 1193 1194 1195 1196 1197 1198 1199 1200 1201 1202 1202 1202 1202 1202 1202 1202
-9999 -9999 -9999 -9999 -9999 -9999 -9999 -9999 -9999 -9999 -9999 -9999 -9999 -9999 -9999 -9999 -9999 -9999 -9999 -9999 -9999 -9999 -9999 -9999 -9999 -9999 1168 1168 1169 1169 1169 1169 1169 1169 1169 1170 1170 1170 1170 1170 1171 1171 1172 1172 1172 1173 1174 1174 1174 1175 1176 1177 1177 1178 1179 1180 1180 1181 1182 1183 1183 1184 1185 1186 1187 1188 1189 1190 1191 1192 1193 1194 1195 1196 1197 1198 1199 1200 1202 1203 1203 1203 1203 1203 1203
-9999 -9999 -9999 -9999 -9999 -9999 -9999 -9999 -9999 -9999 -9999 -9999 -9999 -9999 -9999 -9999 -9999 -9999 -9999 -9999 -9999 -9999 -9999 -9999 -9999 -9999 1168 1168 1168 1169 1169 1169 1169 1169 1169 1170 1170 1170 1170 1170 1171 1171 1171 1172 1172 1173 1173 1174 1174 1175 1176 1176 1177 1178 1179 1180 1180 1181 1182 1183 1183 1184 1185 1186 1187 1188 1189 1190 1191 1192 1193 1194 1195 1196 1197 1198 1199 1201 1203 1204 1204 1204 1204 1204 1204
-9999 -9999 -9999 -9999 -9999 -9999 -9999 -9999 -9999 -9999 -9999 -9999 -9999 -9999 -9999 -9999 -9999 -9999 -9999 -9999 -9999 -9999 -9999 -9999 -9999 -9999 1168 1168 1168 1168 1168 1169 1169 1169 1169 1169 1169 1170 1170 1170 1171 1171 1171 1171 1172 1172 1173 1174 1174 1175 1176 1176 1177 1178 1179 1179 1180 1181 1182 1183 1183 1184 1185 1185 1186 1187 1188 1189 1190 1191 1192 1193 1194 1195 1196 1198 1200 1201 1203 1205 1206 1206 1206 1206 1205
-9999 -9999 -9999 -9999 -9999 -9999 -9999 -9999 -9999 -9999 -9999 -9999 -9999 -9999 -9999 -9999 -9999 -9999 -9999 -9999 -9999 -9999 -9999 -9999 -9999 -9999 1167 1167 1168 1168 1168 1168 1169 1169 1169 1169 1169 1170 1170 1170 1170 1171 1171 1171 1172 1172 1173 1173 1174 1175 1175 1176 1177 1178 1178 1179 1180 1181 1182 1182 1183 1184 1185 1185 1186 1187 1187 1188 1189 1190 1191 1192 1193 1195 1196 1198 1200 1202 1204 1206 1207 1208 1208 1208 1207
-9999 -9999 -9999 -9999 -9999 -9999 -9999 -9999 -9999 -9999 -9999 -9999 -9999 -9999 -9999 -9999 -9999 -9999 -9999 -9999 -9999 -9999 -9999 -9999 -9999 -9999 1167 1167 1167 1167 1168 1168 1168 1168 1169 1169 1169 1169 1170 1170 1170 1170 1171 1171 1172 1172 1173 1173 1174 1175 1175 1176 1177 1178 1178 1179 1180 1181 1181 1182 1183 1183 1184 1185 1186 1187 1187 1188 1189 1189 1190 1192 1193 1195 1197 1199 1201 1203 1204 1206 1207 1208 1209 1209 1208
-9999 -9999 -9999 -9999 -9999 -9999 -9999 -9999 -9999 -9999 -9999 -9999 -9999 -9999 -9999 -9999 -9999 -9999 -9999 -9999 -9999 -9999 -9999 -9999 -9999 -9999 1166 1166 1167 1167 1167 1167 1168 1168 1168 1169 1169 1169 1169 1169 1170 1170 1171 1171 1172 1172 1173 1173 1174 1174 1175 1176 1177 1177 1178 1179 1180 1180 1181 1182 1182 1183 1184 1185 1185 1186 1187 1188 1189 1190 1190 1192 1193 1195 1197 1199 1201 1202 1204 1205 1206 1208 1208 1209 1209
-9999 -9999 -9999 -9999 -9999 -9999 -9999 -9999 -9999 -9999 -9999 -9999 -9999 -9999 -9999 -9999 -9999 -9999 -9999 -9999 -9999 -9999 -9999 -9999 -9999 -9999 1166 1166 1166 1167 1167 1167 1167 1168 1168 1168 1169 1169 1169 1169 1170 1170 1170 1171 1172 1172 1173 1173 1174 1174 1175 1176 1176 1177 1178 1178 1179 1180 1181 1181 1182 1183 1184 1184 1185 1186 1187 1188 1189 1190 1191 1192 1193 1195 1197 1199 1200 1202 1204 1205 1207 1208 1208 1209 1208
-9999 -9999 -9999 -9999 -9999 -9999 -9999 -9999 -9999 -9999 -9999 -9999 -9999 -9999 -9999 -9999 -9999 -9999 -9999 -9999 -9999 -9999 -9999 -9999 -9999 -9999 1165 1166 1166 1166 1167 1167 1167 1167 1168 1168 1168 1169 1169 1169 1169 1170 1171 1171 1172 1172 1173 1173 1174 1174 1175 1176 1176 1177 1178 1178 1179 1180 1181 1181 1182 1183 1183 1184 1185 1186 1187 1188 1189 1190 1191 1192 1193 1195 1197 1199 1201 1203 1204 1206 1207 1208 1208 1208 1208
-9999 -9999 -9999 -9999 -9999 -9999 -9999 -9999 -9999 -9999 -9999 -9999 -9999 -9999 -9999 -9999 -9999 -9999 -9999 -9999 -9999 -9999 -9999 -9999 -9999 -9999 1165 1165 1165 1166 1166 1166 1167 1167 1168 1168 1168 1168 1168 1168 1169 1170 1171 1171 1172 1172 1173 1173 1174 1174 1175 1175 1176 1177 1178 1178 1179 1180 1181 1181 1182 1183 1184 1184 1185 1186 1187 1188 1189 1189 1190 1192 1193 1195 1197 1199 1201 1203 1204 1206 1207 1207 1208 1208 1208
-9999 -9999 -9999 -9999 -9999 -9999 -9999 -9999 -9999 -9999 -9999 -9999 -9999 -9999 -9999 -9999 -9999 -9999 -9999 -9999 -9999 -9999 -9999 -9999 -9999 -9999 1165 1164 1165 1165 1166 1166 1166 1167 1167 1167 1168 1168 1168 1168 1169 1170 1171 1172 1172 1173 1173 1174 1174 1174 1175 1175 1176 1177 1177 1178 1179 1180 1181 1181 1182 1183 1184 1184 1185 1186 1187 1188 1188 1189 1191 1192 1193 1195 1197 1199 1201 1202 1204 1205 1206 1207 1207 1208 1208
-9999 -9999 -9999 -9999 -9999 -9999 -9999 -9999 -9999 -9999 -9999 -9999 -9999 -9999 -9999 -9999 -9999 -9999 -9999 -9999 -9999 -9999 -9999 -9999 -9999 -9999 1163 1164 1164 1164 1165 1165 1165 1166 1166 1167 1167 1167 1167 1167 1168 1170 1171 1171 1172 1173 1173 1173 1174 1174 1175 1175 1176 1177 1178 1179 1180 1181 1181 1182 1183 1183 1184 1185 1185 1186 1187 1188 1189 1190 1191 1192 1194 1195 1197 1199 1200 1202 1204 1205 1207 1207 1207 1208 1207
-9999 -9999 -9999 -9999 -9999 -9999 -9999 -9999 -9999 -9999 -9999 -9999 -9999 -9999 -9999 -9999 -9999 -9999 -9999 -9999 -9999 -9999 -9999 -9999 -9999 -9999 1163 1163 1163 1163 1164 1164 1164 1165 1165 1166 1166 1166 1166 1166 1168 1170 1171 1171 1172 1172 1173 1173 1174 1174 1174 1175 1176 1177 1178 1179 1180 1181 1181 1182 1183 1183 1184 1185 1185 1186 1187 1188 1189 1190 1191 1193 1194 1196 1197 1199 1201 1203 1204 1206 1207 1207 1208 1208 1207
-9999 -9999 -9999 -9999 -9999 -9999 -9999 -9999 -9999 -9999 -9999 -9999 -9999 -9999 -9999 -9999 -9999 -9999 -9999 -9999 -9999 -9999 -9999 -9999 -9999 -9999 1162 1162 1162 1162 1163 1163 1163 1163 1164 1165 1165 1165 1165 1166 1168 1169 1170 1170 1171 1171 1172 1172 1173 1173 1174 1175 1176 1177 1178 1179 1180 1181 1182 1182 1183 1183 1184 1185 1185 1186 1187 1188 1189 1190 1191 1193 1195 1197 1199 1200 1202 1203 1205 1206 1207 1208 1208 1208 1208
-9999 -9999 -9999 -9999 -9999 -9999 -9999 -9999 -9999 -9999 -9999 -9999 -9999 -9999 -9999 -9999 -9999 -9999 -9999 -9999 -9999 -9999 -9999 -9999 -9999 -9999 1161 1161 1161 1161 1161 1162 1162 1162 1163 1163 1164 1164 1164 1165 1167 1168 1169 1169 1169 1170 1171 1171 1172 1173 1173 1175 1176 1177 1178 1179 1179 1180 1181 1182 1183 1183 1184 1184 1185 1186 1187 1188 1189 1190 1192 1194 1196 1198 1199 1201 1202 1204 1205 1205 1206 1207 1208 1208 1208
