Analogs_temp/Normal_1961_1990Y/DD_0.asc
NCOLS 1283 
NROWS 1518 
XLLCORNER -113.981666666 
YLLCORNER 48.334166667 
CELLSIZE 0.000277777777864382 
NODATA_value -9999
[rows 0 to 18 of 19, columns 85 to 169 of 1283]
1197 1196 1196 1195 1194 1193 1192 1191 1190 1190 1189 1188 1187 1186 1185 1184 1183 1182 1181 1181 1180 1178 1177 1176 1175 1174 1173 1172 1171 1170 1169 1168 1167 1166 1165 1164 1163 1162 1161 1160 1159 1154 1152 1151 1150 1149 1148 1147 1146 1145 1145 1144 1143 1143 1142 1141 1140 1140 1139 1138 1137 1137 1136 1135 1134 1134 1133 1133 1133 1133 1132 1132 1131 1131 1131 1131 1132 1134 1135 1135 1135 1135 1136 1136 1136
1198 1197 1196 1196 1195 1194 1193 1192 1191 1191 1190 1189 1188 1187 1186 1185 1184 1183 1183 1182 1181 1180 1178 1177 1176 1176 1175 1174 1173 1172 1170 1169 1168 1167 1166 1165 1164 1163 1162 1161 1160 1159 1153 1152 1151 1150 1149 1148 1147 1146 1146 1145 1144 1143 1143 1142 1141 1141 1140 1139 1138 1138 1137 1136 1135 1135 1134 1134 1134 1134 1133 1133 1133 1133 1133 1133 1133 1134 1135 1136 1137 1137 1138 1138 1138
1199 1198 1197 1196 1196 1195 1194 1193 1192 1191 1191 1190 1189 1188 1187 1186 1185 1184 1184 1183 1182 1181 1180 1179 1178 1177 1176 1175 1174 1173 1172 1171 1169 1168 1167 1166 1165 1164 1163 1162 1161 1160 1159 1153 1152 1151 1150 1149 1148 1147 1147 1146 1145 1145 1144 1143 1142 1142 1141 1140 1140 1139 1138 1137 1137 1136 1136 1135 1135 1135 1135 1135 1135 1134 1134 1135 1135 1136 1137 1138 1139 1139 1139 1139 1139
1200 1199 1198 1197 1196 1196 1195 1194 1193 1192 1191 1190 1190 1189 1188 1187 1186 1185 1185 1184 1183 1182 1181 1180 1179 1178 1177 1176 1175 1174 1173 1172 1171 1170 1169 1167 1166 1165 1164 1163 1162 1161 1160 1154 1153 1152 1151 1150 1149 1149 1148 1147 1147 1146 1145 1144 1144 1143 1142 1141 1141 1140 1139 1139 1138 1137 1137 1137 1137 1137 1137 1136 1136 1136 1137 1139 1139 1139 1140 1140 1140 1141 1141 1141 1141
1201 1200 1199 1198 1197 1196 1195 1195 1194 1193 1192 1191 1190 1190 1189 1188 1187 1186 1185 1185 1184 1183 1182 1181 1180 1179 1178 1177 1176 1176 1174 1173 1172 1171 1170 1169 1168 1167 1166 1164 1163 1162 1161 1160 1155 1154 1152 1151 1151 1150 1149 1148 1148 1147 1146 1146 1145 1144 1143 1143 1142 1141 1140 1140 1139 1139 1138 1138 1138 1138 1138 1139 1139 1140 1140 1141 1142 1142 1143 1143 1143 1143 1143 1143 1143
1202 1201 1200 1199 1198 1197 1196 1195 1195 1194 1193 1192 1192 1191 1190 1189 1188 1187 1186 1186 1185 1184 1183 1182 1181 1180 1179 1178 1178 1177 1175 1174 1173 1173 1172 1170 1169 1168 1167 1166 1164 1163 1162 1161 1160 1155 1154 1153 1152 1151 1150 1150 1149 1148 1148 1147 1146 1145 1145 1144 1143 1143 1142 1141 1140 1140 1139 1139 1139 1140 1140 1141 1142 1142 1143 1144 1144 1144 1145 1146 1146 1146 1146 1145 1145
1203 1202 1201 1200 1199 1198 1197 1196 1196 1195 1194 1193 1193 1192 1191 1190 1189 1188 1188 1187 1186 1185 1184 1183 1182 1181 1180 1179 1178 1178 1177 1176 1175 1174 1173 1172 1171 1169 1168 1167 1166 1164 1163 1162 1161 1160 1155 1154 1153 1152 1152 1151 1150 1149 1149 1148 1147 1147 1146 1145 1145 1144 1143 1142 1142 1141 1141 1141 1142 1143 1143 1143 1144 1145 1146 1146 1147 1147 1148 1148 1149 1149 1149 1148 1147
1204 1203 1202 1201 1201 1200 1199 1198 1197 1196 1195 1194 1194 1193 1192 1191 1190 1190 1189 1188 1187 1186 1186 1185 1184 1183 1182 1181 1179 1179 1178 1177 1176 1175 1174 1173 1172 1171 1169 1168 1167 1166 1165 1164 1162 1161 1160 1155 1154 1154 1153 1152 1151 1151 1150 1150 1149 1148 1148 1147 1146 1145 1145 1144 1144 1143 1143 1144 1145 1145 1146 1146 1147 1147 1148 1149 1149 1149 1149 1150 1151 1152 1152 1151 1150
1206 1205 1203 1203 1202 1201 1200 1199 1198 1197 1196 1195 1194 1194 1193 1192 1192 1191 1190 1189 1188 1188 1187 1186 1185 1184 1183 1182 1181 1180 1179 1178 1177 1176 1175 1174 1173 1172 1171 1170 1169 1167 1166 1165 1164 1163 1161 1161 1156 1155 1154 1153 1153 1152 1152 1151 1150 1150 1149 1148 1148 1147 1146 1146 1146 1146 1146 1146 1147 1148 1149 1150 1150 1150 1150 1151 1151 1151 1151 1152 1153 1153 1153 1153 1152
1207 1206 1205 1204 1203 1202 1201 1200 1199 1199 1198 1197 1196 1195 1194 1194 1193 1192 1191 1191 1190 1189 1189 1188 1187 1186 1185 1183 1182 1181 1180 1179 1178 1177 1176 1175 1174 1173 1172 1171 1170 1169 1167 1166 1165 1164 1163 1162 1161 1156 1155 1155 1154 1154 1153 1152 1152 1151 1151 1150 1149 1148 1148 1147 1147 1148 1149 1149 1150 1151 1152 1152 1153 1153 1152 1152 1153 1154 1154 1155 1155 1156 1156 1155 1155
1208 1207 1207 1205 1204 1203 1202 1201 1200 1199 1198 1197 1196 1196 1195 1194 1193 1193 1192 1191 1191 1190 1190 1189 1188 1187 1186 1185 1184 1182 1181 1181 1180 1178 1177 1176 1175 1174 1173 1172 1171 1170 1169 1168 1167 1166 1164 1164 1163 1162 1157 1156 1156 1155 1154 1154 1153 1153 1152 1151 1150 1150 1150 1149 1149 1151 1152 1152 1153 1154 1154 1154 1154 1154 1154 1154 1155 1156 1157 1157 1157 1158 1158 1158 1157
1208 1207 1206 1205 1204 1203 1202 1201 1200 1199 1198 1197 1196 1196 1195 1194 1193 1192 1192 1191 1190 1190 1189 1188 1188 1187 1187 1187 1185 1184 1183 1182 1181 1180 1179 1177 1177 1176 1175 1174 1173 1172 1170 1169 1168 1167 1166 1165 1164 1163 1163 1162 1157 1157 1156 1155 1155 1154 1154 1153 1152 1152 1151 1151 1152 1153 1154 1155 1156 1156 1156 1156 1157 1157 1157 1158 1158 1159 1163 1164 1165 1164 1165 1165 1164
1207 1207 1206 1205 1204 1203 1202 1201 1200 1199 1198 1197 1196 1195 1194 1193 1192 1192 1191 1190 1189 1189 1188 1187 1187 1186 1186 1186 1186 1186 1185 1184 1183 1182 1181 1179 1178 1177 1176 1175 1174 1173 1172 1171 1170 1169 1168 1167 1166 1165 1164 1164 1163 1162 1158 1157 1156 1156 1155 1155 1154 1154 1153 1154 1155 1156 1157 1158 1158 1158 1159 1159 1159 1164 1164 1164 1165 1166 1167 1167 1167 1168 1167 1167 1166
1207 1206 1205 1205 1204 1203 1202 1201 1200 1199 1198 1197 1196 1195 1194 1193 1192 1191 1190 1189 1188 1188 1187 1187 1186 1186 1185 1185 1185 1185 1185 1185 1185 1183 1182 1181 1180 1178 1178 1176 1175 1174 1173 1172 1171 1170 1169 1168 1168 1167 1166 1165 1165 1164 1163 1163 1158 1157 1157 1157 1156 1156 1156 1156 1157 1158 1159 1164 1164 1164 1165 1166 1166 1167 1167 1167 1168 1168 1169 1169 1169 1169 1169 1168 1167
1207 1206 1205 1204 1204 1203 1201 1200 1199 1198 1197 1197 1196 1195 1194 1193 1192 1190 1190 1189 1188 1187 1187 1186 1186 1185 1185 1185 1185 1185 1184 1185 1185 1185 1184 1182 1181 1180 1179 1178 1177 1176 1175 1174 1173 1172 1171 1170 1169 1169 1168 1167 1166 1166 1165 1164 1164 1163 1163 1159 1158 1158 1158 1158 1164 1164 1165 1165 1166 1166 1167 1168 1169 1170 1170 1170 1170 1171 1171 1170 1169 1169 1168 1168 1167
1207 1206 1205 1204 1203 1202 1201 1200 1199 1198 1197 1196 1195 1194 1193 1193 1191 1190 1189 1188 1187 1187 1186 1186 1185 1185 1185 1185 1184 1184 1184 1184 1184 1185 1185 1185 1183 1182 1181 1180 1179 1177 1176 1175 1174 1173 1173 1172 1171 1171 1170 1169 1169 1168 1167 1166 1166 1165 1165 1165 1165 1164 1164 1165 1165 1166 1166 1167 1167 1168 1169 1170 1171 1172 1173 1173 1173 1172 1171 1171 1170 1169 1168 1168 1167
1207 1206 1205 1204 1203 1202 1201 1200 1199 1198 1197 1196 1195 1194 1193 1192 1191 1190 1189 1188 1187 1186 1186 1186 1185 1185 1185 1184 1184 1184 1184 1184 1184 1184 1185 1185 1185 1184 1183 1182 1181 1180 1178 1177 1176 1175 1174 1174 1173 1172 1172 1171 1170 1170 1169 1168 1168 1167 1167 1167 1167 1166 1166 1166 1167 1167 1168 1169 1169 1170 1171 1172 1173 1174 1175 1175 1174 1173 1172 1171 1170 1169 1169 1168 1167
1207 1206 1205 1204 1203 1202 1201 1200 1198 1197 1196 1195 1194 1193 1192 1191 1190 1189 1188 1188 1187 1186 1186 1186 1185 1185 1185 1184 1184 1184 1184 1183 1183 1184 1184 1185 1185 1186 1185 1184 1183 1182 1180 1179 1179 1177 1176 1175 1175 1174 1174 1173 1172 1172 1171 1171 1170 1170 1169 1169 1169 1169 1168 1168 1169 1169 1170 1171 1172 1172 1173 1174 1175 1176 1177 1176 1175 1174 1172 1172 1171 1170 1169 1168 1167
1207 1206 1205 1204 1203 1202 1200 1199 1198 1197 1196 1195 1193 1192 1191 1191 1190 1189 1188 1188 1187 1187 1186 1186 1185 1185 1185 1184 1184 1184 1184 1183 1183 1183 1184 1185 1185 1186 1186 1185 1185 1184 1183 1182 1181 1180 1178 1177 1177 1176 1176 1175 1175 1174 1174 1173 1173 1172 1172 1172 1171 1171 1171 1171 1171 1172 1172 1173 1174 1174 1175 1176 1177 1179 1179 1178 1176 1175 1173 1172 1171 1170 1169 1168 1167
