Analogs_temp/Normal_1961_1990Y/DD_0.asc
NCOLS 1283 
NROWS 1518 
XLLCORNER -113.981666666 
YLLCORNER 48.334166667 
CELLSIZE 0.000277777777864382 
NODATA_value -9999
[rows 0 to 18 of 19, columns 765 to 849 of 1283]
1101 1101 1101 1102 1103 1104 1104 1105 1107 1109 1110 1112 1113 1115 1117 1119 1120 1122 1123 1123 1124 1125 1125 1125 1123 1122 1121 1120 1118 1117 1115 1113 1112 1111 1109 1108 1109 1109 1109 1110 1111 1111 1112 1113 1113 1114 1114 1115 1116 1116 1117 1119 1120 1121 1123 1124 1125 1126 1127 1129 1130 1132 1134 1135 1137 1138 1140 1142 1144 1147 1149 1152 1154 1156 1159 1161 1164 1167 1169 1172 1174 1177 1179 1183 1186
1100 1100 1101 1102 1102 1103 1104 1105 1107 1109 1110 1112 1113 1115 1117 1119 1120 1122 1123 1124 1124 1123 1122 1121 1120 1118 1118 1117 1116 1114 1112 1110 1108 1107 1107 1107 1107 1107 1107 1108 1109 1110 1111 1112 1113 1113 1113 1113 1114 1116 1117 1118 1119 1120 1121 1123 1124 1125 1126 1127 1129 1131 1132 1133 1136 1137 1139 1142 1144 1146 1148 1151 1153 1155 1157 1160 1163 1165 1168 1171 1174 1177 1179 1183 1186
1099 1100 1100 1101 1102 1103 1104 1105 1107 1109 1111 1112 1114 1115 1117 1119 1120 1121 1122 1122 1122 1120 1119 1118 1116 1115 1114 1113 1112 1110 1109 1107 1106 1105 1104 1104 1104 1105 1105 1106 1107 1108 1109 1111 1112 1112 1111 1112 1113 1115 1115 1116 1117 1118 1120 1121 1122 1123 1124 1126 1128 1129 1131 1133 1135 1137 1139 1141 1143 1146 1148 1151 1153 1155 1158 1161 1163 1166 1169 1172 1177 1180 1182 1185 1188
1099 1099 1100 1101 1102 1103 1104 1106 1108 1110 1111 1113 1114 1116 1117 1119 1120 1121 1120 1120 1118 1117 1116 1114 1113 1111 1110 1109 1108 1107 1105 1104 1103 1102 1102 1101 1102 1102 1103 1104 1106 1107 1108 1109 1110 1109 1109 1111 1112 1113 1114 1115 1116 1117 1118 1119 1120 1122 1123 1125 1127 1129 1130 1132 1134 1136 1137 1139 1141 1144 1147 1150 1153 1155 1159 1162 1165 1167 1170 1174 1178 1181 1184 1187 1190
1098 1099 1100 1101 1102 1103 1104 1106 1109 1110 1112 1113 1115 1116 1117 1118 1120 1119 1118 1117 1116 1114 1113 1111 1109 1108 1106 1105 1104 1103 1102 1101 1100 1099 1099 1099 1100 1101 1102 1103 1104 1105 1105 1106 1107 1107 1108 1109 1110 1111 1113 1114 1115 1116 1117 1118 1120 1121 1122 1124 1126 1128 1130 1132 1134 1135 1137 1138 1140 1143 1146 1149 1153 1156 1160 1163 1165 1168 1172 1176 1181 1183 1187 1191 1196
1098 1099 1100 1101 1101 1103 1105 1108 1110 1111 1113 1115 1116 1117 1117 1118 1118 1117 1116 1115 1113 1111 1109 1107 1105 1104 1103 1102 1100 1098 1097 1097 1097 1097 1097 1097 1098 1099 1100 1101 1102 1103 1103 1104 1105 1105 1106 1108 1109 1110 1111 1113 1114 1115 1116 1118 1119 1120 1122 1123 1126 1128 1130 1132 1134 1135 1137 1139 1141 1143 1146 1149 1152 1156 1161 1164 1167 1169 1175 1182 1189 1193 1194 1198 1203
1098 1099 1100 1100 1102 1104 1106 1109 1110 1112 1113 1115 1117 1117 1117 1116 1116 1115 1114 1112 1111 1109 1106 1104 1102 1101 1099 1096 1095 1094 1094 1093 1094 1094 1095 1095 1096 1097 1097 1098 1099 1100 1101 1102 1102 1104 1105 1106 1108 1109 1110 1112 1113 1114 1116 1117 1118 1120 1121 1123 1125 1127 1130 1132 1133 1135 1137 1139 1141 1144 1147 1149 1152 1157 1162 1165 1169 1178 1188 1192 1195 1199 1202 1204 1208
1098 1099 1099 1101 1103 1105 1107 1109 1111 1113 1114 1115 1117 1117 1115 1114 1113 1112 1110 1109 1107 1105 1103 1100 1098 1097 1095 1093 1092 1091 1090 1090 1091 1092 1092 1092 1093 1095 1095 1096 1096 1097 1098 1099 1101 1104 1105 1105 1106 1108 1109 1111 1112 1114 1115 1116 1118 1119 1120 1122 1124 1127 1129 1131 1133 1134 1136 1138 1141 1144 1148 1151 1156 1160 1165 1169 1180 1187 1193 1196 1198 1201 1205 1208 1211
1098 1099 1099 1101 1104 1107 1108 1110 1112 1114 1115 1116 1114 1113 1112 1111 1110 1108 1106 1105 1103 1101 1098 1095 1093 1092 1090 1089 1088 1087 1087 1087 1088 1088 1089 1089 1090 1091 1092 1093 1094 1095 1097 1098 1100 1102 1103 1104 1105 1107 1108 1110 1111 1112 1114 1115 1117 1118 1120 1121 1124 1126 1128 1130 1132 1134 1135 1138 1141 1144 1148 1152 1158 1163 1168 1179 1185 1190 1194 1197 1200 1203 1206 1209 1213
1098 1099 1100 1103 1106 1107 1109 1111 1112 1113 1113 1112 1111 1109 1108 1107 1105 1103 1101 1098 1097 1094 1092 1090 1088 1087 1086 1085 1084 1084 1084 1084 1085 1085 1085 1086 1087 1088 1089 1090 1092 1095 1096 1097 1098 1100 1101 1103 1104 1105 1107 1108 1110 1111 1113 1114 1116 1118 1119 1121 1123 1125 1127 1129 1131 1133 1135 1137 1141 1145 1149 1154 1159 1163 1172 1181 1185 1190 1194 1197 1201 1204 1207 1210 1215
1098 1099 1102 1105 1106 1108 1109 1110 1111 1110 1109 1108 1107 1105 1105 1103 1100 1098 1095 1092 1089 1088 1086 1085 1084 1083 1082 1082 1081 1081 1081 1081 1082 1082 1083 1083 1084 1085 1087 1089 1091 1094 1095 1096 1097 1098 1100 1101 1103 1104 1105 1107 1109 1110 1112 1114 1115 1117 1119 1121 1123 1125 1127 1129 1131 1133 1135 1137 1141 1145 1150 1154 1158 1162 1169 1179 1183 1188 1192 1196 1200 1203 1206 1210 1214
1098 1100 1103 1105 1107 1108 1109 1110 1109 1108 1106 1104 1103 1102 1100 1097 1094 1092 1090 1087 1084 1082 1081 1080 1079 1079 1079 1078 1078 1078 1078 1078 1079 1079 1079 1080 1082 1085 1087 1088 1090 1092 1093 1095 1096 1097 1099 1100 1101 1103 1104 1106 1108 1109 1111 1113 1115 1117 1119 1121 1123 1125 1127 1129 1131 1133 1135 1138 1141 1144 1148 1151 1155 1160 1164 1170 1179 1183 1188 1193 1197 1201 1204 1208 1212
1099 1101 1104 1106 1107 1108 1109 1108 1107 1104 1102 1101 1099 1098 1094 1090 1087 1084 1082 1080 1078 1077 1076 1076 1076 1075 1075 1075 1074 1074 1075 1075 1075 1075 1078 1079 1081 1084 1086 1087 1088 1090 1092 1094 1095 1096 1098 1099 1101 1102 1104 1105 1107 1108 1110 1112 1114 1116 1118 1119 1122 1124 1126 1128 1130 1132 1135 1137 1140 1142 1145 1148 1151 1155 1159 1163 1168 1175 1182 1187 1191 1196 1200 1203 1207
1100 1102 1104 1106 1107 1108 1107 1106 1103 1100 1098 1097 1094 1090 1086 1082 1079 1077 1076 1074 1073 1072 1072 1072 1072 1072 1072 1072 1071 1071 1070 1070 1072 1075 1078 1079 1080 1082 1084 1085 1087 1089 1091 1093 1094 1095 1097 1098 1100 1102 1103 1105 1106 1108 1109 1111 1113 1115 1117 1119 1121 1123 1125 1127 1130 1132 1134 1136 1138 1140 1143 1146 1148 1151 1154 1158 1162 1166 1172 1179 1184 1188 1192 1196 1199
1100 1102 1104 1106 1107 1106 1103 1100 1098 1095 1090 1087 1085 1082 1079 1077 1074 1072 1070 1069 1068 1068 1067 1067 1068 1069 1069 1069 1068 1068 1068 1070 1072 1074 1077 1078 1079 1080 1082 1084 1086 1088 1090 1091 1093 1094 1096 1098 1099 1101 1102 1104 1106 1107 1109 1110 1112 1114 1116 1118 1120 1123 1125 1127 1129 1131 1133 1135 1137 1139 1141 1144 1146 1149 1151 1154 1158 1163 1167 1171 1175 1180 1184 1187 1190
1098 1100 1103 1105 1103 1099 1097 1095 1092 1087 1082 1079 1076 1075 1072 1069 1066 1065 1063 1062 1062 1062 1062 1063 1064 1065 1065 1065 1064 1065 1069 1070 1071 1073 1074 1076 1078 1080 1081 1084 1085 1087 1088 1090 1092 1094 1095 1097 1098 1100 1102 1103 1105 1107 1109 1110 1112 1114 1116 1118 1120 1122 1124 1126 1128 1130 1131 1133 1135 1138 1140 1142 1145 1147 1149 1151 1154 1159 1162 1166 1169 1172 1177 1181 1185
1092 1094 1097 1097 1095 1094 1091 1089 1086 1081 1074 1071 1069 1066 1064 1061 1058 1056 1056 1056 1056 1057 1057 1058 1060 1060 1060 1060 1062 1064 1066 1068 1070 1072 1074 1075 1077 1079 1081 1083 1084 1086 1087 1089 1091 1092 1094 1096 1098 1100 1101 1103 1105 1107 1109 1110 1112 1114 1115 1117 1119 1121 1123 1125 1127 1129 1131 1133 1135 1137 1139 1142 1144 1146 1148 1150 1152 1155 1159 1162 1165 1168 1172 1176 1180
1082 1084 1086 1088 1089 1087 1082 1075 1075 1072 1067 1062 1060 1057 1053 1052 1051 1050 1045 1050 1049 1051 1052 1053 1055 1056 1057 1059 1061 1063 1065 1067 1069 1071 1073 1075 1077 1078 1079 1081 1083 1084 1086 1088 1090 1091 1093 1095 1097 1099 1101 1103 1105 1107 1109 1110 1112 1113 1115 1116 1118 1121 1123 1125 1127 1128 1130 1132 1134 1136 1139 1141 1143 1145 1148 1150 1152 1154 1157 1160 1163 1166 1169 1173 1176
1069 1072 1073 1076 1077 1075 1071 1067 1064 1061 1058 1054 1049 1043 1042 1041 1041 1040 1038 1039 1040 1042 1044 1050 1053 1054 1056 1058 1060 1062 1064 1066 1068 1070 1072 1074 1075 1076 1078 1079 1081 1083 1084 1086 1089 1091 1092 1094 1096 1098 1100 1103 1105 1107 1109 1110 1111 1113 1114 1115 1117 1120 1122 1124 1126 1127 1129 1131 1133 1136 1138 1141 1143 1145 1147 1149 1152 1154 1156 1159 1162 1165 1168 1170 1173
