Analogs_temp/Normal_1961_1990Y/DD_0.asc
NCOLS 1283 
NROWS 1518 
XLLCORNER -113.981666666 
YLLCORNER 48.334166667 
CELLSIZE 0.000277777777864382 
NODATA_value -9999
[rows 0 to 18 of 19, columns 425 to 509 of 1283]
980 979 977 976 975 974 973 972 972 971 970 969 969 970 969 969 969 968 968 968 968 967 967 967 966 966 966 965 965 966 966 966 965 965 965 965 965 965 965 964 964 964 964 963 963 963 962 962 962 962 961 961 960 959 958 957 956 955 954 953 952 951 949 948 946 945 944 943 942 941 940 939 938 937 936 935 934 934 933 932 931 930 929 928 927
981 979 977 976 975 974 973 973 972 971 970 970 970 970 970 970 969 969 969 969 968 968 968 968 968 967 967 967 967 967 967 967 967 967 967 967 967 967 967 967 966 966 966 965 965 965 965 965 965 964 964 963 962 961 960 959 958 957 956 955 954 953 951 950 948 946 945 944 943 942 941 940 939 938 937 936 935 934 934 933 932 931 930 929 928
982 980 978 977 976 974 974 973 972 972 971 971 971 971 971 970 970 970 970 969 969 969 969 969 969 969 968 968 969 969 969 969 969 969 969 969 969 969 969 969 969 969 969 968 968 968 967 967 967 967 967 965 964 962 961 961 960 959 958 957 956 954 953 951 950 948 947 945 944 943 942 941 940 939 938 937 936 935 934 934 933 932 931 930 928
983 981 979 978 976 975 974 974 973 972 972 972 972 972 971 971 971 971 971 971 970 970 970 970 970 970 970 970 970 970 971 971 971 971 971 971 971 971 972 972 972 972 972 971 971 971 970 969 968 968 967 966 965 963 963 962 961 960 958 957 956 955 954 952 951 949 948 947 946 945 943 942 941 940 939 938 937 936 935 934 933 932 931 930 929
983 982 980 978 977 976 975 974 974 973 973 973 973 972 972 972 972 972 972 972 971 971 971 972 972 972 972 972 972 972 973 973 973 973 973 973 974 974 974 974 974 974 974 974 973 972 971 970 969 969 968 967 966 965 964 963 962 960 959 958 957 956 954 953 952 951 949 948 947 946 945 943 942 941 940 939 938 937 936 935 934 932 931 930 929
983 982 980 979 978 977 976 975 975 975 975 975 974 974 974 974 974 974 974 974 974 973 973 973 973 974 974 974 974 974 974 975 975 975 975 975 976 976 976 977 977 976 976 975 975 974 973 971 970 969 969 968 967 966 965 964 962 961 959 958 957 956 955 954 952 951 950 948 947 946 945 944 943 942 941 940 939 937 936 935 934 932 931 929 929
984 982 981 980 979 978 977 977 977 976 976 976 976 976 976 976 976 976 976 976 976 976 976 976 976 976 976 976 976 976 976 976 977 977 977 977 977 978 978 978 978 978 977 977 976 975 974 973 972 971 970 969 968 967 966 964 962 961 959 958 957 956 955 953 952 951 949 948 947 946 945 944 943 942 941 940 939 937 936 935 934 933 931 930 929
984 983 982 981 980 979 979 978 978 978 978 978 978 978 978 978 978 978 978 978 978 978 978 978 978 978 978 978 978 978 978 978 978 978 979 979 979 979 980 980 980 980 979 978 977 977 976 974 973 972 971 969 968 966 964 963 961 960 959 958 957 955 954 953 952 950 949 948 947 945 944 944 942 942 941 940 939 938 937 936 935 933 933 932 931
986 985 984 983 982 981 981 980 980 980 980 980 980 980 980 980 981 981 981 980 980 980 981 980 980 980 980 980 980 980 980 980 980 980 980 981 981 981 981 981 981 980 979 978 977 977 976 974 973 972 971 969 967 964 963 961 960 959 957 957 956 955 954 953 951 950 949 947 946 945 944 943 942 941 940 939 939 938 937 937 935 934 934 933 932
988 987 986 985 984 984 983 983 983 983 983 983 983 983 983 984 984 984 984 984 983 984 984 983 983 983 983 983 983 983 983 983 982 982 983 983 983 982 982 982 981 980 979 978 976 975 974 973 971 970 969 967 965 964 962 960 959 958 956 956 955 954 953 952 951 950 948 947 946 945 944 943 942 941 940 939 938 937 937 936 935 934 934 933 932
993 991 989 988 987 987 987 987 987 987 987 987 987 987 988 988 988 987 988 987 987 987 987 987 986 986 987 987 987 987 986 986 985 985 985 985 984 984 983 983 982 980 979 978 977 976 974 973 972 970 968 967 965 963 962 960 959 957 956 955 954 953 952 951 950 949 948 946 945 944 943 942 941 940 939 938 937 936 936 935 934 934 933 932 932
999 997 996 994 993 992 991 991 990 990 991 991 991 991 991 991 991 991 991 991 992 991 991 990 990 990 990 990 990 989 989 988 988 987 987 987 987 986 985 984 983 981 980 979 978 976 975 974 972 971 969 968 966 964 963 961 959 958 957 956 955 953 952 950 949 948 946 945 944 943 942 941 940 939 938 937 936 935 934 934 933 932 932 932 931
1003 1002 1000 999 998 996 995 994 994 995 995 995 994 994 995 996 995 995 995 995 996 996 995 994 994 994 993 993 993 992 992 991 990 990 989 989 988 987 987 985 984 982 981 980 979 977 976 974 973 971 969 968 966 965 963 962 961 959 958 957 955 953 952 950 949 947 946 944 943 942 941 940 939 938 937 936 935 934 933 933 932 931 931 931 930
1006 1005 1004 1002 1001 999 998 997 998 998 998 998 998 999 1000 1000 1000 999 999 1000 1000 1000 999 999 998 997 996 996 995 995 994 993 992 991 991 990 989 988 987 986 984 983 981 980 979 978 976 974 973 971 970 968 967 966 964 963 962 960 959 957 955 954 952 950 949 947 945 944 942 941 939 938 937 936 935 935 934 933 933 932 931 931 930 930 930
1008 1007 1006 1005 1003 1001 1000 1000 1000 1001 1001 1001 1002 1003 1003 1003 1003 1003 1003 1003 1003 1003 1002 1002 1001 1000 999 998 997 996 995 994 993 992 992 991 990 989 988 986 985 983 982 981 979 978 977 975 974 972 971 969 968 966 965 963 962 960 959 957 955 953 952 950 948 947 945 943 942 940 939 937 936 935 934 933 933 932 932 931 931 930 929 929 929
1009 1008 1008 1007 1005 1004 1003 1003 1004 1004 1005 1005 1006 1006 1005 1005 1005 1005 1005 1006 1005 1004 1004 1004 1003 1002 1001 1000 999 998 997 995 994 993 992 991 990 989 988 986 985 983 982 981 980 979 977 976 974 973 971 970 968 966 965 963 962 960 959 957 955 953 951 949 947 946 944 943 941 940 938 937 936 935 933 932 932 931 931 930 930 929 929 929 928
1010 1009 1008 1008 1007 1006 1006 1006 1007 1007 1008 1009 1008 1008 1007 1007 1007 1007 1007 1007 1007 1006 1006 1005 1004 1003 1002 1001 1000 999 997 996 995 994 992 991 990 989 988 987 985 984 983 982 981 979 977 976 975 973 972 970 968 967 965 963 962 960 958 956 954 952 950 948 946 945 943 942 941 939 938 937 935 934 934 933 932 931 931 931 930 930 929 929 929
1011 1010 1009 1009 1008 1008 1009 1009 1010 1011 1011 1011 1010 1010 1009 1009 1009 1009 1009 1009 1009 1008 1007 1006 1005 1004 1003 1002 1001 999 998 996 995 993 992 991 991 990 989 987 986 985 983 982 980 979 978 976 975 974 972 970 968 966 965 963 961 959 957 955 953 951 949 947 946 944 943 941 940 939 938 937 936 935 935 934 933 933 932 932 932 931 931 931 931
1012 1011 1010 1010 1010 1011 1012 1013 1014 1014 1013 1013 1012 1011 1011 1010 1010 1010 1010 1010 1009 1009 1008 1007 1006 1004 1003 1002 1001 1000 998 996 995 994 993 992 991 990 988 987 986 984 983 982 980 979 977 976 974 973 971 969 968 966 964 962 961 958 956 954 952 950 948 947 945 943 942 941 940 939 938 938 937 936 935 935 934 934 933 933 933 933 932 932 932
