Analogs_temp/Normal_1961_1990Y/DD_18.asc
NCOLS 1283 
NROWS 1518 
XLLCORNER -113.981666666 
YLLCORNER 48.334166667 
CELLSIZE 0.000277777777864382 
NODATA_value -9999
[rows 0 to 18 of 19, columns 588 to 671 of 1283]
5359 5360 5360 5361 5361 5362 5362 5363 5364 5364 5365 5366 5366 5368 5369 5369 5370 5371 5372 5373 5374 5374 5375 5376 5377 5377 5378 5378 5379 5380 5381 5382 5384 5386 5388 5391 5393 5396 5399 5402 5404 5406 5408 5411 5415 5418 5422 5425 5427 5429 5430 5432 5435 5440 5443 5446 5448 5451 5452 5452 5451 5446 5440 5437 5444 5453 5458 5465 5470 5474 5478 5482 5484 5487 5490 5492 5495 5497 5499 5502 5504 5506 5509 5512
5357 5357 5358 5358 5359 5359 5360 5361 5361 5362 5362 5363 5364 5364 5365 5366 5367 5368 5368 5369 5370 5371 5372 5372 5373 5374 5374 5375 5376 5376 5377 5378 5379 5380 5383 5385 5387 5389 5392 5394 5395 5397 5400 5403 5406 5410 5414 5417 5420 5422 5421 5423 5428 5433 5436 5439 5441 5441 5442 5442 5441 5439 5433 5436 5444 5452 5457 5463 5467 5471 5475 5478 5481 5483 5486 5488 5491 5493 5495 5497 5499 5501 5504 5506
5354 5355 5355 5356 5356 5357 5357 5358 5359 5359 5360 5360 5361 5361 5362 5363 5363 5364 5365 5366 5367 5368 5368 5369 5370 5370 5371 5372 5372 5373 5374 5375 5376 5377 5378 5379 5381 5383 5385 5387 5388 5390 5392 5395 5399 5403 5407 5410 5412 5413 5415 5417 5421 5425 5429 5431 5433 5434 5434 5434 5433 5430 5427 5435 5441 5446 5452 5456 5461 5465 5469 5473 5476 5478 5481 5483 5485 5488 5490 5492 5494 5496 5498 5501
5352 5352 5353 5353 5354 5354 5355 5355 5356 5356 5357 5358 5358 5359 5359 5360 5360 5361 5362 5363 5364 5365 5365 5366 5367 5367 5368 5368 5369 5370 5370 5371 5372 5373 5374 5375 5376 5377 5379 5381 5382 5384 5386 5389 5392 5395 5399 5402 5403 5406 5409 5412 5414 5417 5419 5422 5424 5424 5424 5423 5422 5421 5421 5431 5436 5440 5443 5446 5453 5458 5461 5465 5469 5472 5475 5477 5479 5481 5483 5485 5488 5490 5492 5495
5350 5350 5350 5351 5351 5351 5352 5352 5353 5353 5354 5354 5355 5356 5356 5357 5357 5358 5359 5360 5361 5362 5363 5363 5364 5364 5365 5365 5366 5366 5367 5368 5368 5369 5370 5371 5372 5373 5374 5375 5377 5379 5380 5382 5385 5388 5390 5392 5396 5400 5403 5405 5407 5410 5414 5417 5416 5413 5411 5409 5409 5411 5418 5427 5432 5435 5437 5440 5443 5450 5454 5456 5459 5462 5465 5468 5471 5474 5476 5478 5481 5483 5486 5489
5347 5348 5348 5348 5349 5349 5349 5349 5350 5350 5350 5351 5351 5352 5353 5353 5354 5355 5356 5357 5358 5359 5360 5360 5361 5361 5362 5362 5363 5363 5363 5364 5364 5365 5366 5367 5367 5368 5370 5371 5372 5372 5373 5376 5378 5380 5382 5384 5387 5391 5394 5397 5400 5403 5405 5407 5406 5402 5397 5400 5403 5412 5418 5423 5427 5430 5432 5435 5439 5442 5444 5446 5450 5453 5455 5458 5461 5464 5467 5470 5472 5475 5478 5481
5345 5346 5346 5346 5346 5346 5346 5346 5346 5346 5347 5347 5347 5348 5348 5349 5351 5352 5353 5354 5355 5356 5357 5357 5358 5358 5359 5359 5359 5360 5360 5360 5361 5361 5362 5362 5363 5364 5365 5366 5367 5368 5369 5370 5372 5374 5375 5378 5380 5383 5385 5388 5391 5394 5396 5397 5394 5391 5398 5402 5405 5410 5414 5417 5421 5423 5426 5428 5430 5433 5435 5437 5439 5441 5444 5447 5451 5453 5456 5459 5463 5467 5470 5473
5343 5344 5344 5344 5344 5344 5344 5344 5343 5343 5343 5343 5343 5343 5344 5345 5347 5348 5349 5350 5351 5352 5353 5354 5354 5355 5355 5356 5356 5356 5356 5356 5357 5357 5358 5358 5359 5360 5360 5361 5362 5363 5364 5365 5367 5368 5369 5371 5373 5375 5377 5379 5381 5382 5384 5384 5385 5389 5395 5399 5401 5405 5408 5411 5413 5415 5417 5419 5421 5424 5427 5428 5429 5431 5434 5437 5440 5442 5445 5449 5452 5456 5460 5463
5341 5342 5342 5342 5342 5342 5342 5342 5341 5341 5340 5340 5340 5340 5341 5342 5343 5344 5345 5346 5347 5348 5349 5350 5350 5351 5351 5352 5352 5352 5352 5352 5353 5353 5354 5354 5355 5356 5356 5356 5357 5358 5359 5360 5361 5362 5364 5365 5367 5368 5370 5371 5372 5373 5375 5377 5382 5384 5388 5392 5395 5398 5401 5403 5405 5406 5406 5407 5409 5414 5417 5418 5419 5420 5423 5426 5427 5431 5436 5438 5441 5444 5449 5452
5339 5340 5340 5340 5341 5340 5340 5340 5340 5339 5338 5338 5338 5337 5338 5339 5340 5340 5341 5342 5343 5344 5345 5345 5346 5347 5347 5347 5348 5348 5348 5349 5349 5349 5350 5350 5351 5351 5351 5352 5353 5354 5355 5355 5356 5357 5358 5359 5361 5362 5363 5364 5365 5365 5368 5371 5375 5377 5379 5383 5387 5390 5392 5394 5395 5397 5398 5399 5401 5403 5406 5407 5408 5410 5413 5416 5416 5417 5420 5426 5431 5434 5437 5440
5337 5338 5338 5338 5339 5339 5339 5338 5338 5337 5337 5336 5336 5335 5335 5335 5336 5337 5338 5338 5339 5340 5341 5341 5342 5342 5343 5343 5344 5344 5344 5345 5345 5345 5346 5346 5347 5347 5347 5348 5349 5349 5350 5350 5351 5352 5352 5354 5355 5356 5357 5358 5359 5360 5363 5366 5368 5370 5372 5374 5377 5381 5383 5385 5387 5388 5390 5391 5392 5394 5396 5398 5399 5401 5403 5405 5407 5409 5411 5413 5416 5419 5424 5429
5335 5336 5336 5336 5337 5337 5337 5336 5336 5336 5335 5335 5334 5333 5332 5332 5333 5333 5334 5335 5335 5336 5337 5337 5338 5338 5339 5339 5339 5340 5340 5340 5341 5341 5342 5342 5343 5343 5343 5344 5345 5345 5346 5346 5346 5347 5347 5348 5350 5351 5351 5352 5354 5355 5358 5360 5361 5363 5365 5367 5370 5372 5375 5377 5379 5380 5382 5383 5385 5386 5388 5390 5392 5393 5395 5397 5399 5401 5403 5404 5406 5408 5410 5413
5333 5333 5334 5334 5335 5335 5334 5334 5334 5334 5333 5333 5332 5331 5330 5329 5329 5330 5330 5331 5332 5332 5333 5333 5334 5334 5335 5335 5335 5336 5336 5336 5337 5337 5338 5338 5338 5339 5340 5340 5341 5341 5342 5342 5342 5343 5343 5344 5345 5346 5346 5348 5349 5350 5352 5353 5355 5356 5357 5359 5361 5363 5365 5368 5370 5373 5375 5376 5378 5379 5381 5383 5384 5385 5387 5388 5389 5391 5392 5393 5395 5397 5399 5401
5331 5331 5332 5332 5332 5332 5332 5332 5332 5332 5332 5331 5329 5328 5328 5327 5327 5327 5327 5327 5328 5328 5329 5330 5330 5330 5331 5331 5332 5332 5332 5332 5333 5333 5334 5334 5335 5335 5336 5336 5337 5337 5338 5338 5338 5339 5340 5340 5341 5341 5342 5344 5346 5347 5346 5346 5346 5347 5348 5350 5352 5354 5356 5358 5361 5364 5367 5369 5371 5373 5374 5375 5377 5378 5379 5379 5380 5380 5381 5382 5383 5385 5387 5389
5329 5329 5330 5330 5330 5330 5330 5330 5330 5330 5330 5328 5327 5326 5325 5325 5325 5324 5324 5324 5324 5325 5325 5326 5326 5327 5327 5327 5328 5328 5328 5328 5329 5329 5330 5330 5331 5331 5332 5332 5333 5333 5334 5334 5335 5335 5335 5336 5336 5337 5339 5340 5342 5342 5342 5341 5340 5340 5340 5341 5343 5345 5347 5349 5351 5353 5355 5358 5361 5364 5366 5368 5369 5370 5371 5371 5371 5371 5371 5371 5371 5372 5373 5375
5327 5327 5328 5328 5328 5328 5328 5328 5328 5328 5327 5326 5325 5324 5324 5323 5323 5322 5322 5322 5322 5322 5322 5322 5322 5323 5323 5323 5324 5324 5324 5324 5325 5325 5326 5326 5327 5328 5328 5329 5329 5330 5330 5330 5331 5331 5331 5332 5332 5333 5334 5335 5336 5337 5336 5336 5336 5335 5334 5334 5336 5337 5338 5340 5342 5343 5345 5347 5349 5351 5354 5356 5358 5360 5361 5361 5361 5360 5359 5359 5358 5358 5358 5359
5325 5325 5325 5325 5326 5326 5326 5326 5325 5325 5325 5324 5323 5322 5322 5321 5321 5320 5320 5320 5319 5319 5319 5319 5319 5319 5319 5320 5320 5320 5320 5320 5321 5321 5322 5323 5323 5324 5324 5325 5325 5326 5326 5327 5327 5327 5327 5328 5328 5329 5329 5330 5331 5331 5331 5331 5331 5331 5330 5330 5330 5330 5331 5331 5332 5333 5335 5336 5338 5340 5341 5343 5344 5346 5346 5347 5347 5347 5347 5346 5346 5345 5345 5346
5323 5323 5323 5323 5323 5323 5323 5323 5323 5323 5322 5322 5321 5321 5320 5320 5319 5319 5318 5318 5317 5317 5317 5317 5317 5317 5316 5316 5316 5316 5317 5317 5317 5318 5318 5319 5319 5320 5320 5321 5322 5323 5323 5323 5323 5323 5324 5324 5324 5325 5325 5326 5326 5326 5326 5326 5326 5326 5326 5326 5325 5324 5323 5322 5322 5323 5325 5326 5328 5329 5330 5331 5332 5333 5333 5334 5334 5334 5334 5334 5334 5334 5334 5335
5320 5320 5321 5321 5321 5321 5321 5321 5321 5321 5320 5320 5320 5319 5318 5318 5317 5317 5316 5316 5315 5315 5315 5314 5314 5314 5314 5314 5313 5313 5314 5314 5314 5314 5315 5315 5316 5316 5317 5318 5318 5319 5320 5320 5320 5320 5320 5320 5319 5321 5321 5322 5322 5322 5322 5322 5322 5322 5322 5321 5321 5320 5319 5318 5314 5314 5316 5317 5318 5319 5320 5321 5320 5319 5320 5320 5321 5322 5322 5323 5324 5324 5324 5325
