Analogs_temp/Normal_1961_1990Y/DD_18.asc
NCOLS 1283 
NROWS 1518 
XLLCORNER -113.981666666 
YLLCORNER 48.334166667 
CELLSIZE 0.000277777777864382 
NODATA_value -9999
[rows 0 to 18 of 19, columns 504 to 587 of 1283]
5407 5404 5401 5397 5393 5390 5387 5384 5380 5377 5375 5373 5372 5370 5368 5366 5365 5364 5362 5361 5360 5359 5358 5356 5355 5354 5353 5352 5351 5351 5350 5350 5350 5349 5349 5349 5349 5349 5349 5349 5349 5349 5349 5350 5352 5353 5354 5355 5356 5357 5359 5359 5360 5360 5361 5361 5360 5359 5357 5355 5354 5353 5352 5351 5350 5349 5349 5350 5350 5351 5351 5351 5352 5352 5352 5353 5353 5354 5354 5355 5356 5357 5357 5358
5410 5407 5404 5400 5396 5393 5389 5385 5381 5377 5375 5373 5372 5370 5369 5367 5366 5364 5363 5362 5360 5359 5358 5356 5355 5354 5353 5352 5351 5350 5350 5350 5350 5349 5349 5349 5348 5348 5348 5347 5347 5346 5346 5347 5348 5349 5350 5351 5352 5354 5355 5356 5357 5358 5359 5359 5359 5357 5355 5353 5351 5350 5349 5348 5347 5347 5348 5348 5349 5349 5349 5350 5350 5350 5351 5351 5352 5352 5353 5353 5354 5355 5355 5356
5413 5409 5406 5403 5398 5394 5391 5387 5382 5378 5375 5373 5372 5370 5369 5367 5366 5365 5363 5362 5360 5359 5357 5356 5355 5354 5353 5352 5351 5350 5350 5349 5349 5349 5349 5348 5348 5347 5347 5346 5345 5345 5345 5345 5345 5346 5346 5347 5347 5348 5350 5351 5352 5354 5354 5355 5355 5354 5352 5350 5349 5348 5347 5346 5346 5346 5347 5347 5347 5348 5348 5348 5348 5349 5349 5349 5350 5350 5351 5351 5352 5352 5353 5354
5415 5411 5408 5404 5400 5396 5392 5388 5384 5379 5376 5373 5372 5371 5369 5368 5367 5365 5364 5362 5361 5359 5358 5357 5356 5355 5353 5352 5351 5350 5350 5349 5349 5349 5348 5348 5347 5347 5346 5345 5344 5344 5344 5343 5343 5343 5343 5343 5343 5343 5344 5345 5347 5347 5348 5349 5349 5349 5349 5348 5347 5346 5345 5344 5345 5345 5345 5346 5346 5346 5347 5347 5347 5347 5348 5348 5348 5349 5349 5350 5350 5350 5351 5351
5417 5413 5408 5404 5400 5396 5392 5388 5384 5381 5378 5375 5373 5371 5370 5369 5367 5366 5364 5363 5361 5360 5358 5357 5356 5354 5353 5352 5351 5350 5350 5349 5349 5348 5348 5348 5347 5346 5346 5345 5344 5343 5343 5342 5342 5342 5342 5342 5342 5342 5341 5342 5342 5343 5344 5344 5345 5345 5346 5346 5345 5344 5343 5343 5343 5344 5344 5345 5345 5345 5345 5346 5346 5346 5346 5347 5347 5347 5347 5348 5348 5349 5349 5349
5418 5414 5409 5403 5399 5396 5392 5388 5385 5383 5380 5377 5375 5373 5371 5369 5368 5366 5365 5363 5362 5360 5359 5357 5355 5354 5353 5352 5351 5350 5350 5349 5349 5348 5348 5347 5347 5346 5345 5345 5344 5343 5343 5342 5341 5341 5341 5341 5341 5341 5341 5340 5340 5340 5341 5341 5342 5343 5343 5344 5343 5342 5342 5342 5342 5342 5343 5343 5344 5344 5344 5345 5345 5345 5345 5345 5345 5346 5346 5346 5346 5347 5347 5347
5419 5414 5410 5405 5401 5398 5396 5392 5389 5386 5384 5381 5377 5374 5372 5369 5368 5367 5366 5364 5363 5361 5358 5356 5355 5353 5352 5351 5351 5350 5350 5349 5349 5349 5348 5348 5347 5346 5345 5345 5344 5343 5342 5342 5341 5340 5340 5340 5340 5340 5340 5339 5339 5339 5339 5340 5340 5341 5342 5342 5341 5340 5340 5341 5341 5341 5342 5342 5342 5343 5343 5343 5343 5343 5343 5344 5344 5344 5344 5344 5344 5345 5345 5345
5421 5417 5413 5410 5407 5403 5401 5399 5395 5391 5387 5383 5380 5377 5374 5371 5369 5368 5367 5365 5364 5362 5359 5356 5354 5352 5352 5352 5351 5350 5350 5350 5349 5349 5349 5348 5348 5347 5346 5345 5344 5343 5342 5341 5340 5339 5339 5339 5339 5339 5339 5338 5338 5338 5338 5338 5339 5339 5340 5340 5339 5339 5339 5339 5340 5340 5340 5341 5341 5341 5342 5342 5342 5342 5342 5342 5342 5342 5342 5342 5342 5343 5343 5343
5424 5420 5416 5414 5412 5409 5405 5401 5398 5394 5390 5386 5383 5381 5379 5376 5373 5370 5368 5367 5365 5363 5361 5358 5356 5354 5354 5353 5352 5351 5350 5350 5350 5350 5349 5349 5348 5347 5346 5345 5344 5342 5341 5339 5338 5338 5338 5338 5338 5338 5338 5337 5337 5337 5337 5337 5337 5337 5338 5338 5338 5338 5338 5338 5338 5339 5339 5339 5340 5340 5340 5340 5340 5340 5340 5340 5340 5340 5340 5340 5340 5340 5341 5341
5423 5420 5417 5414 5412 5410 5407 5402 5399 5397 5396 5393 5391 5388 5384 5380 5377 5374 5372 5369 5367 5365 5363 5360 5358 5357 5356 5355 5354 5353 5352 5351 5351 5351 5350 5349 5348 5347 5346 5346 5344 5343 5341 5339 5338 5337 5337 5337 5337 5337 5337 5336 5336 5336 5336 5336 5336 5336 5336 5336 5336 5336 5336 5337 5337 5337 5338 5338 5338 5338 5338 5338 5338 5338 5339 5339 5339 5339 5338 5338 5338 5338 5338 5339
5420 5417 5414 5412 5410 5408 5405 5404 5405 5404 5403 5401 5398 5395 5391 5386 5382 5379 5376 5374 5370 5368 5365 5362 5360 5359 5358 5357 5356 5356 5355 5355 5354 5353 5352 5350 5349 5348 5347 5346 5345 5343 5342 5340 5339 5338 5337 5336 5336 5336 5335 5335 5335 5335 5335 5335 5335 5335 5335 5335 5335 5335 5335 5335 5336 5336 5336 5336 5337 5337 5337 5337 5337 5337 5337 5337 5337 5337 5337 5336 5336 5336 5336 5337
5415 5412 5410 5409 5408 5406 5405 5407 5408 5409 5408 5407 5404 5401 5396 5392 5389 5385 5381 5378 5373 5369 5367 5364 5363 5362 5361 5360 5359 5359 5360 5360 5359 5357 5354 5352 5350 5349 5347 5346 5345 5344 5343 5341 5340 5339 5338 5338 5337 5336 5336 5336 5336 5335 5334 5334 5333 5333 5333 5334 5334 5334 5334 5334 5334 5335 5335 5335 5335 5335 5335 5335 5335 5335 5335 5335 5335 5335 5335 5335 5334 5334 5334 5335
5412 5409 5407 5406 5405 5404 5405 5406 5406 5407 5407 5407 5407 5404 5401 5397 5394 5392 5386 5380 5375 5371 5370 5368 5367 5365 5364 5362 5362 5362 5363 5363 5362 5360 5357 5355 5352 5350 5348 5347 5346 5345 5344 5343 5342 5341 5340 5339 5338 5337 5337 5336 5336 5335 5334 5334 5333 5332 5332 5332 5333 5332 5333 5333 5333 5333 5333 5333 5333 5333 5333 5333 5333 5333 5333 5333 5333 5333 5333 5333 5332 5332 5332 5333
5409 5407 5405 5403 5402 5401 5401 5401 5401 5401 5401 5402 5401 5400 5398 5395 5393 5391 5387 5380 5376 5375 5374 5373 5371 5370 5368 5367 5366 5365 5365 5364 5363 5361 5359 5357 5354 5352 5350 5348 5347 5346 5345 5344 5343 5342 5341 5340 5339 5338 5337 5337 5336 5335 5334 5333 5333 5332 5331 5331 5331 5331 5331 5331 5331 5331 5331 5331 5331 5331 5332 5332 5332 5332 5331 5331 5331 5331 5331 5331 5331 5331 5331 5331
5407 5405 5403 5401 5400 5398 5397 5396 5395 5395 5394 5394 5394 5393 5392 5390 5389 5386 5382 5379 5377 5378 5377 5377 5375 5374 5373 5371 5370 5369 5368 5367 5365 5363 5361 5359 5357 5354 5352 5351 5349 5348 5347 5345 5345 5343 5342 5341 5340 5339 5338 5337 5336 5335 5334 5333 5332 5331 5330 5330 5330 5330 5330 5330 5330 5330 5330 5330 5330 5330 5330 5330 5330 5330 5330 5329 5329 5329 5329 5329 5329 5329 5329 5329
5405 5403 5402 5400 5398 5397 5395 5394 5393 5392 5390 5390 5389 5389 5388 5386 5384 5382 5380 5381 5381 5381 5381 5380 5379 5378 5377 5375 5374 5372 5371 5369 5367 5365 5363 5361 5359 5357 5355 5353 5352 5350 5349 5347 5346 5345 5344 5342 5341 5340 5339 5337 5336 5334 5333 5332 5331 5330 5329 5329 5329 5329 5329 5329 5329 5329 5329 5329 5329 5328 5328 5328 5328 5328 5328 5328 5327 5327 5327 5327 5327 5327 5327 5327
5406 5405 5403 5402 5401 5400 5399 5398 5397 5396 5394 5391 5390 5389 5388 5388 5387 5387 5387 5386 5386 5385 5385 5384 5383 5382 5381 5379 5377 5375 5374 5372 5370 5368 5365 5363 5361 5359 5357 5356 5354 5353 5351 5349 5348 5346 5345 5343 5342 5341 5340 5338 5337 5335 5333 5332 5331 5330 5329 5329 5328 5328 5328 5328 5328 5327 5327 5327 5327 5327 5327 5327 5327 5326 5326 5326 5325 5325 5325 5325 5325 5325 5325 5325
5410 5409 5408 5406 5406 5406 5406 5405 5403 5401 5398 5397 5395 5394 5394 5393 5392 5392 5391 5391 5390 5389 5389 5388 5387 5386 5384 5383 5381 5379 5377 5375 5372 5370 5368 5366 5364 5362 5360 5358 5357 5355 5353 5352 5350 5348 5347 5345 5343 5342 5341 5339 5338 5336 5334 5333 5332 5331 5330 5329 5328 5328 5327 5327 5326 5326 5326 5326 5326 5326 5326 5326 5325 5325 5325 5324 5324 5323 5323 5323 5323 5322 5322 5323
5415 5414 5413 5413 5412 5412 5411 5410 5408 5406 5404 5402 5401 5400 5399 5398 5398 5397 5396 5395 5394 5394 5393 5391 5390 5389 5388 5386 5384 5382 5380 5378 5376 5373 5371 5369 5367 5365 5363 5361 5359 5357 5355 5353 5352 5350 5348 5347 5345 5343 5342 5340 5339 5337 5336 5334 5333 5332 5331 5330 5329 5328 5327 5327 5326 5325 5325 5325 5325 5325 5325 5325 5324 5324 5323 5323 5322 5321 5321 5321 5320 5320 5320 5320
