Analogs_temp/Normal_1961_1990Y/DD_18.asc
NCOLS 1283 
NROWS 1518 
XLLCORNER -113.981666666 
YLLCORNER 48.334166667 
CELLSIZE 0.000277777777864382 
NODATA_value -9999
[rows 0 to 18 of 19, columns 672 to 755 of 1283]
5516 5520 5524 5527 5530 5533 5536 5539 5542 5546 5549 5552 5556 5561 5567 5573 5579 5586 5592 5599 5609 5617 5622 5628 5635 5641 5648 5655 5662 5669 5676 5682 5688 5695 5700 5704 5707 5711 5714 5718 5723 5727 5731 5735 5739 5745 5749 5754 5758 5763 5768 5772 5776 5781 5787 5791 5797 5805 5810 5813 5814 5815 5816 5818 5820 5822 5823 5824 5825 5826 5826 5826 5827 5827 5828 5829 5831 5833 5835 5837 5840 5842 5844 5846
5510 5515 5519 5522 5525 5528 5532 5535 5538 5541 5544 5547 5551 5556 5562 5567 5574 5581 5587 5594 5602 5610 5617 5623 5630 5637 5645 5652 5659 5665 5672 5677 5683 5690 5697 5700 5703 5707 5713 5718 5722 5725 5729 5734 5739 5743 5747 5753 5757 5761 5765 5769 5773 5777 5783 5789 5793 5800 5806 5811 5813 5814 5815 5817 5819 5821 5822 5823 5824 5824 5824 5824 5824 5825 5826 5828 5829 5832 5834 5837 5839 5841 5843 5845
5504 5509 5513 5517 5520 5523 5527 5530 5533 5536 5539 5542 5545 5550 5556 5561 5567 5574 5579 5585 5592 5599 5607 5614 5621 5630 5638 5646 5653 5660 5666 5671 5676 5681 5688 5693 5698 5703 5709 5714 5719 5722 5726 5731 5736 5740 5745 5750 5755 5759 5762 5767 5772 5777 5782 5788 5794 5798 5803 5807 5810 5811 5814 5816 5818 5820 5821 5821 5821 5822 5822 5822 5822 5823 5824 5826 5828 5831 5833 5836 5838 5840 5842 5844
5499 5503 5506 5510 5514 5517 5520 5524 5527 5530 5533 5536 5540 5545 5550 5555 5561 5566 5572 5578 5584 5590 5596 5602 5609 5616 5625 5634 5642 5649 5657 5664 5669 5673 5678 5682 5688 5697 5702 5706 5712 5717 5721 5725 5730 5736 5740 5745 5750 5754 5758 5763 5769 5775 5780 5786 5792 5795 5799 5802 5805 5807 5810 5813 5815 5817 5819 5819 5818 5818 5819 5819 5820 5821 5823 5825 5827 5830 5833 5835 5837 5839 5841 5843
5492 5496 5499 5503 5506 5510 5513 5516 5520 5523 5526 5530 5534 5539 5544 5549 5554 5559 5565 5571 5578 5583 5588 5593 5598 5605 5612 5620 5627 5634 5642 5650 5656 5662 5666 5669 5673 5678 5685 5692 5697 5702 5707 5716 5722 5727 5733 5738 5743 5747 5752 5758 5763 5769 5775 5780 5786 5792 5795 5798 5800 5803 5806 5808 5811 5813 5814 5815 5815 5815 5815 5816 5817 5819 5821 5824 5827 5829 5832 5834 5837 5838 5840 5842
5484 5488 5491 5494 5498 5501 5505 5508 5512 5515 5519 5523 5528 5533 5537 5542 5547 5552 5557 5563 5569 5575 5580 5585 5590 5597 5603 5608 5613 5617 5624 5630 5636 5642 5647 5651 5655 5659 5667 5673 5678 5682 5687 5694 5701 5710 5721 5727 5733 5740 5744 5748 5753 5759 5765 5772 5778 5783 5788 5792 5794 5798 5800 5803 5805 5807 5808 5809 5810 5811 5812 5812 5814 5816 5819 5822 5825 5829 5832 5834 5836 5838 5839 5841
5476 5479 5482 5485 5489 5493 5496 5500 5504 5507 5511 5516 5521 5526 5530 5534 5539 5544 5549 5554 5560 5565 5571 5576 5581 5586 5592 5598 5603 5607 5612 5616 5622 5628 5633 5637 5641 5645 5649 5653 5657 5663 5669 5676 5684 5693 5700 5705 5715 5723 5730 5734 5738 5744 5751 5758 5764 5768 5772 5777 5784 5791 5796 5799 5802 5803 5804 5805 5806 5807 5808 5809 5810 5813 5816 5820 5824 5828 5831 5833 5835 5837 5839 5840
5467 5470 5473 5476 5480 5484 5488 5492 5496 5500 5504 5508 5513 5518 5522 5526 5531 5536 5540 5545 5550 5555 5561 5566 5571 5576 5580 5585 5592 5598 5603 5607 5613 5619 5623 5628 5631 5635 5638 5643 5648 5653 5658 5665 5670 5676 5683 5689 5696 5701 5705 5709 5715 5725 5734 5739 5744 5748 5754 5762 5770 5777 5783 5793 5798 5799 5798 5799 5801 5802 5804 5805 5807 5811 5814 5818 5822 5826 5829 5832 5834 5835 5837 5839
5456 5459 5463 5467 5470 5474 5478 5482 5486 5491 5495 5500 5505 5510 5514 5518 5523 5528 5532 5536 5540 5545 5551 5557 5562 5567 5572 5576 5580 5586 5593 5599 5605 5610 5616 5621 5624 5627 5632 5637 5642 5647 5652 5658 5662 5667 5673 5679 5684 5688 5693 5698 5701 5707 5712 5720 5727 5734 5741 5747 5753 5759 5765 5773 5779 5783 5785 5787 5791 5795 5797 5800 5804 5808 5812 5816 5820 5824 5828 5831 5832 5834 5836 5838
5443 5449 5453 5457 5460 5464 5468 5472 5476 5481 5485 5489 5494 5500 5505 5509 5513 5518 5523 5527 5531 5536 5542 5548 5553 5559 5564 5569 5573 5579 5585 5591 5596 5601 5606 5611 5616 5621 5626 5631 5635 5639 5644 5648 5653 5658 5663 5667 5672 5677 5680 5684 5689 5696 5702 5708 5716 5723 5729 5734 5738 5743 5749 5755 5760 5766 5771 5778 5784 5788 5791 5794 5799 5805 5809 5813 5817 5821 5825 5829 5831 5833 5835 5837
5433 5437 5444 5450 5452 5455 5458 5461 5465 5469 5474 5478 5483 5488 5494 5499 5503 5509 5513 5517 5521 5526 5531 5537 5543 5548 5553 5559 5565 5570 5575 5580 5583 5588 5596 5604 5609 5615 5620 5624 5628 5631 5635 5640 5644 5647 5650 5652 5655 5658 5666 5672 5679 5685 5690 5697 5703 5710 5715 5719 5723 5728 5732 5738 5745 5752 5760 5768 5773 5778 5783 5789 5795 5800 5805 5810 5813 5817 5821 5826 5830 5831 5833 5835
5416 5422 5428 5437 5442 5445 5448 5450 5453 5456 5459 5463 5469 5475 5481 5487 5493 5498 5502 5507 5512 5516 5520 5526 5531 5535 5539 5544 5549 5554 5559 5565 5573 5580 5587 5595 5601 5605 5609 5615 5620 5623 5625 5628 5631 5633 5633 5635 5642 5649 5655 5660 5664 5669 5673 5676 5680 5688 5693 5698 5704 5711 5718 5724 5732 5739 5746 5753 5762 5770 5777 5783 5789 5793 5797 5803 5808 5812 5815 5820 5825 5829 5831 5832
5403 5405 5408 5410 5414 5420 5428 5434 5438 5442 5444 5449 5453 5459 5466 5473 5479 5485 5490 5494 5498 5502 5507 5512 5516 5520 5523 5526 5529 5536 5545 5553 5561 5568 5574 5579 5584 5588 5591 5594 5597 5600 5603 5605 5607 5609 5614 5625 5633 5639 5644 5646 5648 5650 5651 5653 5658 5665 5669 5672 5683 5690 5696 5702 5708 5716 5730 5742 5753 5760 5767 5773 5778 5782 5785 5789 5792 5797 5802 5808 5813 5815 5817 5822
5391 5393 5395 5398 5400 5402 5405 5409 5413 5419 5425 5432 5439 5444 5450 5455 5460 5468 5474 5479 5482 5485 5488 5491 5494 5497 5501 5508 5518 5524 5529 5535 5541 5548 5555 5560 5564 5567 5569 5571 5572 5574 5576 5577 5585 5595 5606 5614 5618 5623 5627 5631 5633 5632 5632 5634 5638 5641 5645 5649 5655 5665 5674 5679 5686 5698 5711 5722 5731 5741 5749 5756 5760 5762 5766 5768 5772 5777 5782 5787 5792 5793 5796 5804
5377 5379 5381 5383 5385 5388 5392 5395 5398 5400 5396 5404 5412 5420 5430 5439 5444 5447 5453 5457 5461 5463 5464 5466 5468 5470 5481 5489 5498 5504 5509 5515 5520 5525 5531 5536 5541 5544 5547 5549 5552 5557 5563 5568 5575 5583 5592 5597 5598 5599 5600 5603 5606 5608 5610 5611 5612 5618 5632 5638 5640 5644 5649 5655 5666 5680 5688 5696 5703 5711 5717 5729 5729 5735 5737 5745 5748 5756 5759 5761 5764 5766 5780 5793
5361 5363 5365 5366 5367 5370 5373 5377 5381 5383 5385 5386 5390 5395 5400 5406 5411 5414 5418 5423 5442 5443 5445 5447 5448 5454 5459 5469 5473 5476 5480 5486 5492 5497 5502 5507 5514 5519 5524 5529 5535 5541 5550 5558 5561 5565 5571 5573 5572 5571 5572 5573 5574 5577 5579 5582 5584 5592 5600 5605 5610 5620 5634 5638 5640 5644 5650 5660 5666 5667 5678 5691 5696 5702 5710 5717 5723 5730 5734 5738 5745 5760 5773 5783
5347 5349 5351 5351 5350 5351 5354 5357 5360 5363 5367 5371 5374 5378 5381 5384 5387 5390 5393 5396 5398 5408 5419 5425 5430 5433 5437 5441 5446 5452 5458 5464 5469 5474 5480 5486 5492 5497 5503 5509 5516 5523 5528 5532 5537 5539 5541 5541 5542 5543 5544 5547 5549 5554 5558 5562 5565 5570 5574 5580 5587 5597 5602 5607 5612 5615 5622 5629 5631 5639 5647 5657 5660 5671 5682 5693 5700 5706 5712 5722 5736 5746 5753 5759
5337 5338 5338 5338 5337 5338 5339 5340 5342 5345 5348 5351 5353 5356 5359 5364 5370 5374 5377 5381 5384 5389 5393 5398 5403 5409 5415 5419 5423 5428 5433 5439 5446 5451 5458 5464 5470 5477 5483 5489 5494 5499 5502 5503 5504 5504 5507 5511 5513 5514 5516 5521 5527 5533 5538 5544 5547 5549 5553 5562 5569 5574 5579 5585 5589 5596 5598 5600 5607 5612 5623 5629 5634 5643 5655 5662 5668 5688 5699 5710 5718 5724 5730 5739
5326 5327 5327 5326 5325 5325 5326 5326 5327 5329 5331 5334 5336 5339 5342 5346 5351 5356 5360 5363 5368 5372 5377 5382 5387 5391 5395 5400 5405 5410 5416 5421 5426 5431 5435 5440 5445 5451 5460 5467 5472 5475 5476 5477 5479 5482 5489 5491 5493 5495 5499 5502 5506 5511 5517 5523 5528 5533 5538 5542 5547 5552 5558 5564 5569 5574 5576 5581 5586 5591 5599 5606 5616 5621 5626 5642 5654 5663 5673 5684 5691 5698 5705 5715
