Analogs_temp/Normal_1961_1990Y/DD_18.asc
NCOLS 1283 
NROWS 1518 
XLLCORNER -113.981666666 
YLLCORNER 48.334166667 
CELLSIZE 0.000277777777864382 
NODATA_value -9999
[rows 0 to 18 of 19, columns 336 to 419 of 1283]
5760 5756 5753 5749 5744 5739 5736 5733 5730 5727 5723 5719 5715 5711 5706 5702 5697 5693 5688 5684 5679 5674 5670 5667 5664 5660 5657 5653 5650 5648 5646 5644 5641 5639 5636 5634 5632 5630 5627 5625 5621 5617 5613 5610 5607 5603 5600 5597 5594 5592 5591 5589 5588 5587 5585 5584 5583 5581 5581 5581 5581 5581 5581 5581 5581 5580 5580 5579 5578 5575 5573 5573 5573 5574 5575 5575 5576 5577 5577 5578 5579 5579 5581 5582
5764 5760 5756 5753 5748 5744 5740 5735 5732 5729 5726 5722 5718 5714 5710 5706 5701 5696 5691 5687 5683 5679 5674 5668 5664 5660 5656 5652 5650 5648 5645 5643 5641 5638 5636 5634 5632 5630 5627 5624 5621 5617 5613 5609 5605 5602 5599 5595 5592 5591 5590 5589 5587 5586 5585 5584 5583 5583 5582 5582 5582 5582 5582 5582 5582 5582 5582 5581 5581 5580 5580 5579 5579 5580 5580 5581 5582 5583 5584 5585 5586 5587 5589 5590
5768 5764 5761 5757 5753 5749 5744 5740 5736 5732 5728 5725 5721 5717 5713 5709 5705 5700 5695 5690 5686 5683 5679 5674 5668 5663 5658 5654 5650 5647 5645 5642 5640 5638 5635 5633 5631 5629 5627 5624 5620 5615 5611 5608 5604 5601 5597 5594 5592 5591 5589 5588 5587 5586 5586 5585 5584 5584 5584 5583 5584 5584 5584 5584 5585 5585 5585 5585 5585 5585 5585 5586 5586 5586 5587 5589 5590 5592 5594 5596 5599 5600 5600 5600
5773 5768 5765 5761 5758 5754 5749 5745 5741 5736 5732 5728 5724 5719 5715 5712 5708 5704 5700 5694 5689 5686 5682 5677 5672 5667 5661 5657 5652 5649 5645 5642 5640 5637 5635 5633 5630 5628 5626 5622 5618 5614 5610 5607 5604 5601 5598 5595 5593 5591 5590 5589 5588 5587 5587 5586 5586 5585 5585 5585 5585 5586 5587 5587 5589 5590 5591 5591 5592 5593 5593 5593 5593 5595 5597 5598 5600 5602 5605 5609 5610 5610 5609 5609
5778 5773 5769 5765 5762 5758 5755 5750 5746 5741 5736 5732 5727 5723 5718 5714 5711 5707 5704 5699 5694 5689 5685 5680 5676 5670 5664 5659 5655 5651 5647 5644 5641 5638 5636 5634 5631 5629 5627 5624 5619 5615 5611 5608 5605 5602 5599 5597 5594 5592 5590 5590 5589 5588 5588 5587 5587 5587 5586 5586 5587 5588 5589 5591 5592 5594 5595 5597 5598 5600 5600 5601 5602 5603 5605 5606 5607 5609 5614 5616 5616 5616 5616 5615
5780 5778 5773 5769 5765 5762 5758 5755 5751 5746 5741 5736 5731 5726 5722 5718 5714 5710 5707 5703 5698 5693 5688 5684 5679 5674 5667 5662 5658 5654 5649 5645 5642 5640 5637 5635 5633 5630 5628 5625 5620 5616 5613 5609 5606 5603 5601 5598 5596 5594 5593 5592 5592 5591 5591 5590 5590 5590 5590 5590 5590 5591 5592 5593 5595 5597 5599 5601 5603 5605 5606 5607 5608 5609 5611 5613 5616 5620 5625 5628 5628 5627 5626 5623
5779 5779 5777 5773 5768 5765 5762 5758 5755 5751 5747 5741 5736 5731 5727 5722 5718 5714 5710 5706 5702 5698 5693 5688 5682 5677 5672 5667 5661 5656 5652 5647 5644 5641 5639 5637 5634 5632 5628 5625 5622 5619 5615 5612 5608 5605 5603 5601 5599 5598 5597 5597 5596 5596 5595 5595 5594 5594 5594 5594 5594 5594 5595 5597 5599 5601 5603 5605 5607 5609 5611 5613 5615 5617 5619 5623 5629 5638 5642 5643 5643 5641 5636 5630
5776 5776 5775 5773 5770 5767 5764 5761 5758 5754 5751 5747 5742 5737 5732 5727 5723 5719 5714 5710 5706 5702 5698 5693 5687 5682 5677 5672 5666 5661 5657 5652 5648 5644 5641 5639 5636 5634 5631 5628 5625 5622 5620 5617 5613 5610 5607 5605 5603 5602 5601 5601 5601 5601 5600 5600 5599 5599 5599 5599 5599 5600 5601 5602 5603 5606 5608 5610 5612 5614 5617 5619 5622 5626 5632 5642 5651 5655 5655 5653 5651 5649 5644 5636
5773 5772 5772 5771 5769 5767 5765 5762 5759 5756 5753 5750 5747 5742 5736 5731 5727 5723 5718 5714 5709 5705 5702 5698 5693 5688 5682 5677 5672 5667 5663 5657 5653 5649 5645 5642 5639 5637 5634 5632 5629 5627 5624 5621 5618 5616 5614 5611 5609 5609 5608 5607 5607 5606 5606 5605 5605 5605 5605 5605 5606 5607 5608 5609 5611 5613 5615 5618 5620 5623 5626 5629 5637 5647 5657 5665 5671 5670 5666 5663 5662 5660 5654 5649
5770 5769 5769 5768 5767 5766 5764 5762 5759 5756 5754 5751 5749 5746 5741 5735 5731 5726 5722 5717 5713 5709 5705 5701 5697 5693 5688 5682 5677 5672 5667 5663 5658 5654 5650 5647 5644 5642 5639 5636 5634 5631 5628 5626 5623 5621 5619 5617 5616 5615 5614 5614 5613 5613 5612 5612 5612 5613 5613 5614 5615 5616 5617 5619 5621 5623 5626 5628 5631 5636 5643 5653 5662 5672 5680 5684 5684 5683 5680 5677 5674 5670 5663 5656
5766 5766 5766 5765 5765 5764 5763 5761 5759 5756 5755 5753 5750 5747 5744 5740 5735 5731 5726 5722 5717 5713 5709 5705 5701 5697 5693 5688 5682 5677 5672 5668 5663 5659 5656 5653 5650 5647 5644 5642 5639 5637 5634 5632 5628 5627 5625 5624 5622 5622 5621 5620 5620 5619 5619 5620 5620 5621 5622 5623 5624 5625 5627 5628 5630 5632 5636 5641 5649 5657 5667 5678 5688 5694 5697 5698 5696 5693 5689 5686 5682 5678 5674 5667
5762 5762 5762 5762 5761 5761 5760 5759 5758 5756 5755 5753 5751 5749 5746 5743 5741 5738 5732 5727 5723 5718 5714 5710 5705 5701 5697 5693 5688 5684 5678 5673 5669 5664 5660 5658 5655 5653 5650 5648 5646 5643 5641 5639 5637 5635 5633 5631 5630 5629 5628 5628 5628 5628 5628 5628 5628 5629 5630 5631 5632 5633 5635 5638 5642 5647 5654 5661 5673 5685 5696 5702 5707 5708 5707 5706 5704 5701 5696 5692 5688 5684 5680 5675
5758 5757 5757 5757 5757 5757 5757 5756 5756 5755 5754 5752 5752 5750 5749 5747 5745 5743 5739 5735 5729 5724 5720 5716 5711 5707 5702 5697 5693 5690 5686 5681 5676 5671 5668 5665 5662 5659 5657 5654 5652 5650 5648 5646 5644 5642 5641 5639 5638 5638 5637 5637 5637 5637 5637 5637 5637 5638 5639 5640 5643 5646 5650 5655 5660 5667 5679 5692 5704 5711 5717 5718 5718 5714 5711 5710 5708 5705 5702 5697 5692 5688 5684 5681
5753 5753 5753 5753 5753 5753 5754 5754 5753 5753 5753 5752 5751 5751 5750 5749 5748 5748 5747 5744 5739 5735 5730 5725 5721 5716 5710 5705 5700 5695 5691 5688 5684 5680 5677 5673 5670 5667 5664 5662 5660 5658 5656 5654 5653 5651 5649 5648 5647 5646 5646 5646 5646 5646 5646 5646 5647 5649 5651 5654 5657 5662 5667 5674 5684 5696 5708 5717 5723 5725 5725 5722 5719 5717 5715 5713 5710 5707 5704 5701 5694 5690 5687 5683
5748 5749 5750 5750 5751 5751 5751 5752 5752 5752 5752 5752 5751 5751 5750 5750 5750 5750 5750 5749 5747 5745 5742 5737 5731 5727 5722 5717 5711 5705 5700 5695 5691 5687 5685 5681 5678 5675 5673 5670 5668 5666 5664 5662 5661 5659 5658 5656 5655 5655 5655 5655 5655 5656 5657 5658 5659 5661 5664 5668 5673 5679 5688 5700 5711 5720 5728 5732 5733 5732 5729 5725 5722 5720 5717 5715 5711 5708 5704 5700 5696 5691 5688 5684
5744 5745 5746 5747 5747 5748 5749 5750 5750 5750 5751 5751 5751 5751 5751 5751 5752 5752 5753 5753 5753 5752 5751 5748 5745 5741 5735 5730 5724 5718 5713 5707 5702 5698 5694 5690 5687 5684 5681 5679 5676 5674 5672 5670 5669 5668 5666 5665 5664 5664 5664 5664 5665 5666 5667 5668 5670 5673 5678 5685 5694 5703 5712 5721 5731 5740 5743 5744 5743 5740 5735 5730 5725 5722 5719 5715 5711 5706 5702 5698 5694 5689 5687 5685
5738 5740 5741 5743 5744 5745 5746 5747 5748 5749 5749 5750 5750 5751 5752 5752 5753 5754 5755 5756 5756 5756 5755 5754 5752 5751 5748 5745 5739 5733 5727 5722 5715 5710 5705 5702 5698 5694 5691 5688 5685 5683 5680 5678 5677 5676 5674 5673 5673 5673 5674 5674 5675 5677 5680 5683 5688 5694 5702 5708 5716 5723 5732 5743 5750 5755 5757 5756 5753 5746 5738 5732 5728 5725 5722 5717 5712 5707 5701 5698 5694 5690 5689 5687
5731 5734 5736 5738 5739 5741 5742 5744 5747 5748 5748 5749 5750 5751 5752 5753 5754 5755 5757 5758 5759 5760 5759 5759 5758 5757 5756 5755 5753 5750 5744 5737 5731 5726 5721 5716 5711 5706 5703 5699 5696 5693 5691 5689 5687 5686 5685 5684 5684 5685 5686 5688 5691 5695 5699 5704 5711 5718 5725 5732 5739 5749 5757 5762 5766 5767 5766 5763 5758 5750 5740 5732 5729 5726 5724 5722 5715 5710 5705 5700 5697 5694 5691 5689
5726 5729 5731 5733 5735 5736 5738 5740 5743 5746 5747 5747 5748 5749 5751 5752 5754 5755 5757 5759 5761 5762 5762 5763 5764 5765 5766 5766 5766 5765 5763 5760 5756 5746 5737 5733 5728 5723 5718 5714 5710 5707 5703 5701 5700 5699 5699 5698 5700 5702 5704 5708 5713 5719 5725 5732 5739 5744 5751 5759 5764 5768 5774 5777 5777 5774 5771 5766 5758 5750 5741 5733 5730 5727 5723 5721 5717 5714 5710 5705 5700 5697 5694 5692
