Analogs_temp/Normal_1961_1990Y/Eref.asc
NCOLS 1283 
NROWS 1518 
XLLCORNER -113.981666666 
YLLCORNER 48.334166667 
CELLSIZE 0.000277777777864382 
NODATA_value -9999
[rows 0 to 18 of 19, columns 1116 to 1208 of 1283]
455 455 455 455 455 455 455 455 455 454 454 453 452 451 450 449 448 443 435 429 427 425 424 423 422 422 421 420 418 414 409 409 408 408 406 405 404 404 404 404 405 405 406 406 406 407 407 408 408 408 409 409 409 410 410 410 411 411 411 412 412 412 412 412 412 412 412 412 413 413 414 414 415 415 415 415 415 415 415 415 416 416 417 417 417 418 419 420 420 421 421 422 423
455 455 455 455 455 455 455 455 455 454 454 453 452 451 450 438 436 433 431 429 428 426 424 423 422 421 419 419 417 414 410 407 406 404 404 404 404 405 405 406 406 406 407 407 408 408 409 409 410 410 410 411 411 412 412 412 413 413 413 413 413 413 413 413 413 413 414 414 415 415 415 416 416 416 416 416 416 416 416 417 417 417 418 419 420 421 421 422 422 423 424 424 425
456 456 456 456 456 455 455 454 454 454 453 452 451 441 436 434 433 432 430 429 428 425 424 423 422 421 418 416 415 412 409 408 406 405 405 405 406 406 407 407 408 408 409 409 410 410 411 411 411 412 412 413 413 413 413 414 414 414 414 414 414 414 414 414 414 414 415 416 416 417 417 417 418 417 417 417 417 417 418 418 419 420 420 421 421 422 423 424 424 425 426 427 429
456 456 456 456 456 455 454 454 453 453 452 450 449 447 440 436 434 433 431 430 429 426 424 423 422 420 418 416 412 410 408 407 406 406 406 406 407 408 408 409 409 410 411 411 412 412 412 413 413 413 414 414 414 415 415 415 416 416 416 416 416 416 415 415 416 416 417 417 418 418 419 419 419 419 419 419 419 419 420 420 421 421 421 422 423 424 425 425 426 428 430 431 431
457 457 457 457 456 455 454 453 452 451 450 450 449 448 443 437 434 432 430 428 427 425 425 423 422 421 419 416 413 412 410 407 406 406 407 408 409 409 410 411 411 412 412 413 413 414 414 414 415 415 415 416 416 417 417 417 417 417 417 417 417 417 417 417 417 418 418 419 419 420 420 420 420 420 420 421 421 421 421 422 422 423 423 424 425 425 427 428 430 431 432 432 433
458 458 457 457 456 455 454 453 452 451 451 449 447 442 438 434 430 428 426 424 424 422 421 421 421 420 418 417 414 412 409 408 407 408 409 410 410 411 412 413 413 414 414 414 415 415 416 416 417 417 417 418 418 418 418 419 419 419 419 418 418 418 418 418 419 419 420 420 421 421 421 421 422 422 422 422 422 423 423 423 424 424 425 426 427 428 429 431 431 432 433 433 434
458 457 457 456 456 455 454 453 453 451 450 448 447 445 439 433 428 425 423 423 422 420 417 417 416 415 414 413 411 409 407 408 408 409 410 412 413 413 414 414 415 415 416 416 417 417 418 418 418 419 419 419 420 420 420 420 420 420 420 420 420 420 419 420 420 421 421 422 422 422 422 423 423 423 424 424 424 424 424 425 425 425 426 427 429 430 431 432 433 433 434 435 436
458 457 457 456 455 455 454 454 453 452 450 449 445 436 437 435 430 426 423 421 420 418 416 415 413 412 411 409 408 407 408 409 410 411 412 413 414 415 415 416 416 417 417 418 418 419 419 420 420 420 421 421 421 422 422 422 422 422 422 422 422 421 421 421 422 422 422 423 423 423 424 424 424 425 425 425 425 425 425 426 426 427 428 430 431 432 433 433 435 435 436 437 438
458 457 457 456 455 454 454 453 453 451 447 444 442 440 432 429 429 427 423 421 419 416 415 413 412 411 410 408 407 408 409 410 412 413 414 415 415 416 417 417 418 418 419 420 420 421 421 421 422 422 422 423 423 423 423 423 424 424 424 423 423 423 423 423 423 423 423 424 424 424 425 425 425 426 426 426 427 427 427 427 428 430 431 432 433 433 434 435 436 437 438 439 440
458 457 456 455 454 453 453 452 452 450 448 442 430 430 429 426 424 422 421 419 417 414 413 412 411 409 408 408 408 409 411 412 413 414 415 416 417 417 418 419 419 420 421 421 422 422 422 423 423 423 424 424 424 425 425 425 426 426 425 425 424 424 424 424 424 424 425 425 426 426 426 426 427 427 427 427 428 428 429 429 429 430 432 434 435 435 436 437 438 439 440 441 442
456 456 455 454 453 453 452 451 450 449 448 445 431 426 422 419 417 416 416 415 414 413 412 412 411 409 409 408 409 411 412 414 415 416 416 417 418 419 420 420 421 422 422 423 423 423 424 424 425 425 425 425 426 426 427 427 427 427 427 426 426 426 426 426 426 426 426 427 427 427 427 427 428 428 428 429 430 430 431 431 431 431 432 434 436 438 438 439 440 440 441 443 444
456 455 455 453 453 452 452 451 450 441 437 435 429 427 424 420 417 416 416 415 415 414 413 413 412 411 410 410 411 413 414 415 416 417 418 419 420 421 421 422 423 423 424 424 425 425 425 426 426 427 427 427 428 428 429 429 429 428 428 427 427 427 427 427 427 427 428 428 428 429 429 429 430 430 430 431 431 432 432 433 433 433 434 434 436 437 438 439 441 442 443 444 445
456 455 455 453 453 452 452 449 441 434 427 423 424 423 420 420 418 417 417 416 415 415 414 414 413 412 411 412 413 414 416 417 418 419 420 421 422 422 423 424 424 425 426 426 426 427 427 427 428 428 429 429 430 430 431 431 430 429 429 429 429 429 429 429 429 429 429 429 430 430 430 431 431 432 432 432 432 433 433 434 434 435 435 436 436 438 439 440 441 443 445 446 448
457 455 455 453 452 452 447 439 432 427 424 423 423 422 421 420 419 418 418 417 416 416 415 415 414 413 413 414 415 416 417 419 419 420 421 423 423 424 425 426 426 427 427 428 428 428 429 429 430 430 431 431 431 432 432 432 431 431 431 430 430 430 430 430 430 430 430 431 431 431 431 432 432 433 433 433 433 434 434 435 436 436 436 437 438 439 441 442 443 444 445 445 447
455 454 453 452 443 437 430 429 428 427 426 425 424 423 422 421 420 420 419 418 417 416 416 415 415 414 415 415 417 418 419 420 421 422 423 424 425 426 427 428 428 429 429 430 430 430 430 431 432 432 432 432 433 433 433 433 433 432 432 432 432 432 432 432 431 431 431 432 432 432 433 433 434 434 434 434 434 435 435 436 437 438 439 439 440 441 442 443 444 445 446 447 449
453 450 438 437 432 432 431 429 428 427 427 426 425 425 424 423 422 421 420 419 418 417 417 416 415 416 416 418 419 420 421 422 423 424 425 427 428 428 429 430 431 431 431 431 432 432 432 432 433 433 434 434 434 435 435 435 434 434 434 434 433 433 433 433 433 433 433 433 433 434 434 434 435 436 436 436 436 436 436 437 438 439 440 440 441 442 444 445 446 447 448 449 450
437 436 435 434 433 432 431 430 429 428 428 427 427 426 425 424 423 422 421 421 420 418 418 417 416 417 418 419 420 422 423 424 425 427 428 429 430 431 432 432 433 433 433 433 433 433 434 434 434 435 435 436 436 437 436 436 436 435 435 435 435 435 435 434 434 434 434 434 435 435 435 436 437 437 438 438 438 437 438 439 440 441 441 442 443 444 445 447 448 449 450 450 451
437 436 435 434 434 433 432 431 431 430 429 429 428 427 426 425 424 423 422 421 421 420 419 418 418 419 420 421 422 423 425 426 428 429 430 431 432 433 433 434 434 435 435 435 435 435 435 436 436 437 437 437 438 438 438 437 437 437 437 436 436 436 436 436 436 436 436 436 436 436 437 437 438 438 439 439 439 439 439 440 441 442 443 444 444 446 448 449 450 450 451 452 452
437 436 436 435 435 434 434 433 432 431 431 430 429 428 427 426 425 424 423 422 422 421 420 419 419 420 421 422 424 425 427 429 430 431 432 433 434 435 435 436 436 436 437 437 437 437 437 438 438 438 439 439 440 440 439 439 438 438 438 438 438 437 437 437 437 437 437 437 438 438 438 438 439 439 440 440 440 440 440 441 442 443 444 445 447 447 449 450 451 452 452 453 454
