Analogs_temp/Normal_1961_1990Y/Eref.asc
NCOLS 1283 
NROWS 1518 
XLLCORNER -113.981666666 
YLLCORNER 48.334166667 
CELLSIZE 0.000277777777864382 
NODATA_value -9999
[rows 0 to 18 of 19, columns 837 to 929 of 1283]
529 528 527 526 524 523 522 477 476 475 474 473 472 470 468 466 464 462 461 460 458 457 456 455 454 453 452 451 450 449 447 446 445 446 448 451 453 454 455 455 456 456 457 457 458 459 460 462 469 472 472 471 471 471 471 471 470 470 470 470 470 470 469 469 469 469 469 469 469 469 469 469 469 469 469 469 469 469 468 468 469 469 469 469 469 469 469 469 470 469 469 469 468
529 528 527 526 525 524 523 522 476 475 474 473 471 470 468 466 464 463 461 460 459 458 457 456 455 454 453 452 450 449 447 445 444 446 448 451 453 454 454 455 455 456 456 457 458 458 459 460 463 470 471 471 471 471 470 470 470 470 470 470 470 469 469 469 469 469 469 469 469 469 469 469 468 468 468 468 468 468 468 468 468 469 469 469 469 469 469 469 469 469 469 468 468
529 528 527 526 525 524 523 477 475 474 473 472 471 469 467 466 464 463 462 461 460 458 457 456 455 454 453 452 451 449 447 443 442 445 448 451 453 453 454 455 455 456 456 457 457 458 459 460 461 464 470 470 470 470 470 470 470 470 469 469 469 469 469 469 469 469 469 469 469 469 468 468 468 468 468 468 468 468 468 468 468 468 469 469 469 469 469 469 469 469 469 468 468
529 528 527 525 524 523 522 476 474 473 472 471 470 469 467 465 464 463 462 461 460 458 457 456 455 454 453 452 450 449 446 442 440 443 446 449 451 453 454 454 455 455 456 457 457 458 459 459 460 462 465 470 470 470 470 469 469 469 469 469 469 469 469 469 469 469 469 469 468 468 468 468 468 468 468 468 468 468 468 468 468 468 469 469 469 469 469 469 469 469 469 468 468
529 528 526 525 524 523 476 475 473 472 471 469 468 466 464 463 462 462 461 460 460 458 457 456 455 454 453 452 451 449 447 442 439 440 443 447 450 452 453 454 455 455 456 457 457 458 459 459 460 461 463 467 469 469 469 469 469 469 469 469 469 469 469 469 469 469 468 468 468 468 468 468 468 468 468 468 468 468 468 468 468 468 468 468 469 469 469 469 469 469 469 468 468
529 527 526 524 523 522 475 473 470 468 468 467 465 464 462 462 461 460 460 459 459 458 457 456 455 454 453 452 451 449 447 442 437 437 440 445 449 451 452 453 454 455 456 456 457 458 459 459 460 461 462 467 468 469 469 469 469 469 469 469 469 469 469 469 468 468 468 468 468 468 468 468 468 468 468 468 468 468 468 468 468 468 468 468 468 468 468 469 469 469 469 468 468
529 527 525 523 522 474 470 468 467 466 465 464 463 462 461 460 460 459 458 458 457 457 456 455 454 453 452 451 450 448 445 440 436 435 439 442 445 449 451 453 454 454 455 456 457 457 458 459 460 461 463 467 468 468 468 468 469 469 469 469 469 468 468 468 468 468 468 468 468 468 468 468 468 468 468 468 468 468 468 468 468 468 468 468 468 468 468 468 468 468 468 468 468
527 525 523 522 473 470 468 467 466 465 464 463 462 461 460 459 458 458 457 456 456 455 455 454 453 452 451 450 449 447 443 437 434 435 434 438 443 445 449 451 452 454 454 455 456 457 457 458 460 461 463 466 467 468 468 468 468 468 468 468 468 468 468 468 468 468 468 468 468 468 468 468 468 468 468 468 468 468 467 467 467 467 467 467 467 468 468 468 468 468 468 468 468
526 524 522 473 471 469 467 466 465 464 463 462 461 460 458 457 456 455 454 453 453 453 453 453 452 451 450 449 447 444 440 437 435 435 433 433 438 443 445 449 451 452 454 454 455 456 457 458 459 460 462 466 467 467 468 468 468 468 468 468 468 468 468 468 468 468 468 468 468 468 468 468 468 468 468 467 467 467 467 467 467 467 467 467 467 467 467 467 467 467 467 467 467
526 524 476 472 471 469 467 466 465 464 463 462 460 459 458 456 455 454 452 451 450 450 450 450 450 450 448 447 445 443 441 437 435 432 430 430 434 438 442 445 448 450 452 454 454 455 456 458 459 460 462 465 466 467 467 468 468 468 468 468 468 468 468 468 468 468 468 468 468 468 468 468 468 467 467 467 467 467 467 467 467 467 467 467 467 467 467 467 467 466 466 466 466
526 524 521 473 471 470 468 467 465 464 463 462 460 459 458 457 455 454 453 452 450 449 447 448 449 448 448 446 444 442 441 437 434 431 429 427 430 434 439 442 444 446 450 452 453 454 455 456 457 459 461 464 465 466 467 467 467 468 468 468 468 468 468 468 468 468 468 468 468 468 468 468 467 467 467 467 467 467 467 467 467 467 467 467 467 466 466 466 466 466 466 466 466
527 526 524 521 473 471 470 468 466 465 464 463 461 460 459 458 457 456 455 453 452 451 450 450 449 449 448 447 445 444 442 439 436 433 431 428 427 429 434 439 442 444 447 451 452 453 454 455 456 458 460 462 465 466 467 467 467 467 467 468 468 468 468 468 468 468 468 468 468 468 468 467 467 467 467 467 467 467 467 467 467 466 466 466 466 466 466 466 466 466 466 465 465
529 527 526 524 522 475 472 471 469 467 466 465 463 462 461 460 459 458 457 456 454 453 452 451 451 450 449 448 448 446 444 441 437 434 432 430 428 428 431 435 440 443 446 449 450 451 452 453 453 455 459 461 463 465 466 467 467 467 467 467 467 467 467 467 467 467 467 467 467 467 467 467 467 467 467 467 467 467 466 466 466 466 466 466 466 466 466 466 466 465 465 465 465
530 529 528 527 525 523 476 473 472 470 469 468 466 465 463 462 461 460 459 458 457 456 455 453 453 452 451 450 449 448 446 444 441 439 436 433 431 429 431 434 436 439 442 445 446 448 449 450 451 452 454 457 459 464 466 466 467 467 467 467 467 467 467 467 467 467 467 467 467 467 467 467 467 467 467 466 466 466 466 466 466 466 466 466 466 466 466 465 465 465 465 465 465
531 530 530 528 527 525 523 521 475 474 472 471 470 468 466 465 463 462 461 460 459 457 456 455 454 453 452 451 451 449 448 446 444 443 440 436 433 432 431 430 431 434 437 440 441 443 445 446 447 448 450 452 458 463 466 466 467 467 467 467 467 467 467 467 467 467 467 467 467 467 467 467 466 466 466 466 466 466 466 466 466 466 466 465 465 465 465 465 465 465 465 464 464
532 531 530 530 528 527 525 523 522 476 475 473 472 471 469 467 466 465 464 462 461 459 458 457 456 454 454 453 452 451 450 448 447 444 441 439 437 435 433 430 428 429 432 434 436 438 440 441 442 443 444 448 456 463 465 465 466 466 466 467 467 467 467 467 467 467 467 467 467 466 466 466 466 466 466 466 466 466 465 465 465 465 465 465 465 465 465 465 465 464 464 464 464
532 532 531 530 529 528 526 525 524 523 477 475 474 472 471 470 468 467 465 464 462 461 459 458 457 456 455 454 453 452 451 450 448 446 445 442 440 437 434 431 428 427 428 429 430 432 433 436 438 439 439 447 455 459 462 463 465 465 466 466 466 466 466 467 466 466 466 466 466 466 466 466 466 466 466 465 465 465 465 465 465 465 465 465 464 464 464 464 464 464 464 464 463
533 532 531 530 529 528 527 526 525 524 522 477 475 474 473 472 470 468 466 465 463 462 461 460 458 457 456 455 454 453 452 451 449 448 446 444 442 440 436 432 429 426 423 424 425 427 428 432 433 434 436 440 449 453 458 460 462 464 465 465 466 466 466 466 466 466 466 466 466 466 466 466 465 465 465 465 465 465 465 465 465 464 464 464 464 464 464 464 464 464 463 463 463
533 532 531 530 529 529 528 527 526 524 523 522 477 475 474 472 470 469 467 466 465 463 462 460 459 458 457 456 455 454 452 451 450 449 447 445 443 441 439 434 431 427 424 421 420 422 425 427 427 430 431 437 443 448 452 456 459 462 464 465 465 465 466 466 466 466 466 466 466 466 465 465 465 465 465 465 465 465 464 464 464 464 464 464 464 464 463 463 463 463 463 463 463
