Analogs_temp/Normal_1961_1990Y/Eref.asc
NCOLS 1283 
NROWS 1518 
XLLCORNER -113.981666666 
YLLCORNER 48.334166667 
CELLSIZE 0.000277777777864382 
NODATA_value -9999
[rows 0 to 18 of 19, columns 93 to 185 of 1283]
452 452 452 453 453 453 453 454 454 454 454 455 455 455 456 456 456 457 457 457 457 458 458 458 459 459 459 459 460 460 460 461 461 461 506 507 507 507 508 508 508 509 509 509 509 509 509 510 510 510 510 510 510 510 511 511 511 511 511 511 511 511 511 511 510 510 510 510 509 508 507 506 506 506 506 505 505 505 505 505 505 504 504 503 503 502 501 501 500 500 500 500 501
452 452 452 452 452 453 453 453 453 454 454 454 454 455 455 455 456 456 456 456 457 457 457 458 458 458 459 459 459 460 460 460 460 461 461 506 507 507 507 508 508 508 508 508 508 509 509 509 509 509 509 510 510 510 510 510 510 511 511 510 510 510 510 510 510 509 509 509 509 508 507 506 505 505 504 504 504 504 504 504 504 504 503 502 501 500 500 499 499 499 499 499 500
451 451 452 452 452 452 452 453 453 453 453 454 454 454 454 455 455 455 455 456 456 456 457 457 457 458 458 458 459 459 459 460 460 460 461 461 461 506 507 507 507 508 508 508 508 508 508 508 509 509 509 509 509 509 509 510 510 510 510 510 509 509 509 509 509 509 508 508 508 507 506 505 505 504 504 503 503 503 503 503 503 502 502 501 500 499 499 498 497 497 497 498 499
451 451 451 451 452 452 452 452 452 453 453 453 453 454 454 454 454 454 455 455 455 456 456 456 457 457 457 458 458 458 459 459 459 460 460 460 461 461 506 507 507 507 507 507 507 507 508 508 508 508 508 508 509 509 509 509 509 509 509 509 509 508 508 508 508 508 507 506 505 505 504 504 504 503 503 502 502 502 502 502 502 501 500 500 499 498 497 496 496 496 496 497 498
450 451 451 451 451 451 452 452 452 452 452 453 453 453 453 453 454 454 454 455 455 455 455 456 456 456 457 457 457 458 458 459 459 459 460 460 460 460 461 506 506 506 506 507 507 507 507 507 507 507 508 508 508 508 508 508 509 509 508 508 508 508 507 507 506 506 505 505 504 503 503 502 502 502 502 501 501 501 501 502 501 501 500 499 498 497 496 495 495 495 496 496 497
450 450 450 450 451 451 451 451 452 452 452 452 452 453 453 453 453 454 454 454 454 455 455 455 455 456 456 456 457 457 457 458 458 459 459 459 459 460 460 461 505 506 506 506 506 506 506 506 507 507 507 507 507 507 508 508 508 508 508 508 507 507 506 506 505 504 504 503 503 502 501 501 500 500 500 500 500 500 500 500 500 500 499 498 497 496 495 494 494 495 495 496 496
449 450 450 450 450 450 451 451 451 451 451 452 452 452 452 452 453 453 453 454 454 454 454 455 455 455 455 456 456 457 457 457 458 458 458 459 459 459 460 460 460 460 505 505 505 506 506 506 506 506 506 506 507 507 507 507 507 507 507 507 506 505 505 504 504 503 502 502 501 501 500 500 499 499 499 499 499 499 499 499 499 498 498 497 496 451 450 450 495 495 496 496 497
449 449 449 449 450 450 450 450 450 451 451 451 451 451 451 452 452 452 453 453 453 454 454 454 454 455 455 455 456 456 456 457 457 457 458 458 458 459 459 459 460 460 460 460 505 505 505 505 505 505 505 506 506 506 506 506 506 506 506 505 504 504 503 503 502 502 501 500 500 500 499 499 498 453 453 497 498 498 498 498 498 497 497 496 451 451 451 495 495 496 496 497 497
448 448 449 449 449 449 450 450 450 450 450 450 451 451 451 451 451 451 452 452 453 453 453 454 454 454 454 455 455 455 456 456 456 457 457 458 458 458 459 459 459 459 459 459 459 460 460 504 504 504 505 505 505 505 505 505 505 505 504 504 503 502 502 501 500 500 500 499 499 454 454 454 453 453 452 452 453 453 497 497 452 451 451 451 451 451 495 496 496 497 497 497 498
447 448 448 448 448 449 449 449 449 449 449 450 450 450 450 450 450 451 451 452 452 452 453 453 453 453 454 454 455 455 455 455 456 456 456 457 457 458 458 458 458 458 459 459 459 459 459 459 459 504 504 504 504 504 504 504 504 504 503 502 501 456 456 455 455 455 455 454 454 453 453 452 452 452 451 451 451 451 452 451 451 450 450 450 451 451 495 496 496 497 497 498 498
447 447 448 448 448 448 448 449 449 449 449 449 449 449 449 450 450 450 450 451 451 452 452 452 452 453 453 454 454 454 454 455 455 455 456 456 456 457 457 457 458 458 458 458 458 458 458 458 458 458 459 503 503 503 503 503 503 502 457 456 456 455 455 454 454 454 454 453 453 452 451 451 451 450 450 450 450 450 450 450 449 449 450 450 450 451 451 496 496 497 497 498 498
447 448 448 448 448 449 449 449 449 449 449 450 450 450 450 450 450 450 450 450 450 451 451 451 452 452 453 453 453 454 454 454 454 455 455 455 456 456 456 457 457 457 457 457 457 457 457 458 458 458 458 458 458 458 458 458 457 456 456 455 454 454 454 454 453 453 453 452 451 451 450 450 450 449 449 449 449 449 449 449 449 449 450 450 451 451 451 496 496 497 497 498 498
448 448 448 449 449 449 449 449 450 450 450 450 451 451 451 451 451 451 451 451 450 450 450 450 451 451 452 452 452 453 453 453 454 454 454 455 455 455 456 456 456 456 456 456 456 457 457 457 457 457 457 457 457 457 457 457 456 455 454 454 453 453 452 452 452 451 451 451 450 450 449 449 448 448 448 448 448 448 449 449 449 449 450 450 451 451 452 496 496 497 497 498 498
448 448 448 449 449 449 450 450 450 451 451 451 451 451 451 451 451 451 451 451 451 450 450 450 450 450 451 451 452 452 452 453 453 453 454 454 454 455 455 455 455 455 456 456 456 456 456 456 456 456 456 456 456 456 456 455 455 454 453 453 452 452 452 451 450 450 450 449 449 449 448 448 448 447 447 448 448 448 449 449 449 450 450 450 451 451 452 496 496 497 497 498 498
448 448 449 449 449 449 450 450 451 451 451 451 452 452 452 452 452 452 451 451 451 451 451 450 450 450 450 450 451 451 452 452 452 453 453 453 454 454 454 454 454 455 455 455 455 455 455 455 455 455 455 455 455 455 455 454 454 453 453 452 452 451 451 450 449 449 448 448 448 447 447 447 448 448 448 448 448 448 449 449 449 450 450 450 451 451 451 496 496 496 497 497 498
449 449 449 449 450 450 450 450 451 451 452 452 452 452 452 452 452 452 452 452 451 451 451 451 450 450 449 449 450 450 451 451 451 452 452 452 453 453 453 453 453 454 454 454 454 454 454 454 454 454 454 454 454 454 454 453 453 452 452 451 451 450 450 449 448 448 447 447 447 447 447 447 447 447 448 448 448 448 449 449 449 450 450 450 451 451 451 451 496 496 496 497 497
449 449 449 450 450 450 451 451 451 452 452 452 452 452 452 452 452 452 452 452 452 451 451 451 451 450 450 449 449 449 450 450 450 451 451 452 452 452 452 453 453 453 453 453 453 453 453 453 453 453 453 453 453 453 453 453 452 452 451 451 450 449 449 448 447 447 446 446 446 446 447 447 447 447 448 448 448 448 449 449 449 450 450 450 451 451 451 451 496 496 496 496 497
449 449 450 450 451 451 451 452 452 452 452 452 452 453 452 452 452 452 452 452 452 452 452 451 451 451 450 450 449 448 449 449 449 449 450 450 451 451 451 452 452 452 452 452 452 452 452 452 452 452 452 452 452 452 452 452 451 451 450 450 449 448 448 447 447 446 445 445 446 446 447 447 447 447 448 448 448 448 449 449 449 450 450 450 450 451 451 451 452 496 496 496 497
449 450 450 451 451 452 452 452 452 452 452 452 452 452 452 452 452 452 452 452 452 452 452 452 451 451 450 450 449 449 448 448 448 449 449 449 449 450 450 451 451 451 451 451 451 451 451 451 451 451 451 451 451 451 451 451 450 450 449 449 448 447 447 446 445 444 444 445 445 446 446 447 447 447 448 448 448 448 449 449 449 449 450 450 450 451 451 451 451 496 496 496 496
