Analogs_temp/Normal_1961_1990Y/Eref.asc
NCOLS 1283 
NROWS 1518 
XLLCORNER -113.981666666 
YLLCORNER 48.334166667 
CELLSIZE 0.000277777777864382 
NODATA_value -9999
[rows 0 to 18 of 19, columns 279 to 371 of 1283]
516 516 516 516 516 516 516 516 516 516 516 516 517 517 517 518 519 519 520 521 521 522 522 523 523 524 524 524 525 525 525 525 525 526 526 526 526 526 526 526 526 526 526 526 526 527 527 527 528 529 529 530 530 531 531 532 533 533 534 535 535 536 537 538 538 539 539 540 540 541 542 543 544 544 545 546 547 548 548 549 550 550 551 551 552 552 553 553 554 554 554 555 555
517 517 517 517 517 517 517 518 518 518 518 518 518 519 519 520 520 521 521 522 523 523 524 524 524 525 525 525 526 526 526 527 527 527 527 527 527 527 527 527 527 527 527 527 527 527 528 528 528 528 529 529 530 530 531 531 532 533 533 534 535 535 536 537 538 538 539 539 540 541 541 542 543 544 544 545 546 547 547 548 549 550 551 552 552 553 553 553 554 554 554 555 555
519 519 519 519 519 519 519 519 519 519 520 520 520 520 521 521 521 522 523 523 524 524 525 525 525 526 526 526 527 527 527 527 527 527 528 528 528 527 527 527 528 528 528 528 528 528 528 529 529 529 529 529 530 530 530 531 531 532 533 533 534 535 535 536 537 538 538 539 539 540 541 541 542 543 544 545 545 546 547 547 548 549 550 551 552 553 553 553 554 554 555 555 555
520 520 520 520 520 520 520 521 521 521 521 521 521 522 522 522 523 523 524 524 525 525 526 526 526 527 527 527 527 528 528 528 528 528 528 528 528 528 528 528 528 528 528 529 529 529 529 529 529 529 529 530 530 530 529 530 530 531 532 532 533 534 534 535 536 537 537 538 539 540 540 541 542 542 543 544 545 546 546 547 548 548 549 550 551 552 553 553 554 554 555 555 555
522 522 522 522 522 522 522 522 522 523 523 523 523 523 524 524 524 524 525 525 526 526 527 527 527 528 528 528 528 528 529 529 529 529 529 529 529 529 529 529 529 529 529 529 529 530 530 530 530 530 530 530 530 530 530 529 530 530 531 532 532 533 533 534 535 536 536 537 538 539 540 540 541 542 542 543 544 545 546 546 547 548 549 550 551 552 552 553 553 554 554 555 555
523 523 523 523 523 523 524 524 524 524 524 524 525 525 525 525 526 526 526 526 527 527 528 528 528 529 529 529 529 530 530 530 530 530 530 529 529 530 530 530 530 530 530 530 530 530 530 531 531 531 531 531 530 530 530 530 530 530 530 531 531 532 533 533 534 535 535 536 537 538 539 540 540 541 542 542 543 544 545 545 546 547 548 549 550 551 552 552 553 554 554 554 555
524 524 525 525 525 525 525 525 525 525 526 526 526 527 527 527 527 527 528 528 528 529 529 529 530 530 530 531 531 531 531 531 531 531 531 530 530 530 530 530 530 530 530 530 530 530 531 531 531 531 531 531 531 531 530 530 530 530 530 530 531 532 532 533 533 534 534 535 536 537 538 539 539 540 541 542 542 543 544 545 545 546 547 548 549 550 551 552 553 553 554 554 554
526 526 526 526 526 526 526 527 527 527 527 527 528 528 528 528 529 529 529 529 530 530 530 531 531 531 532 532 532 532 532 532 532 532 532 532 532 531 531 531 531 531 531 531 531 531 531 531 531 532 532 532 531 531 531 531 531 530 530 530 531 531 532 532 533 533 534 534 535 536 537 538 539 539 540 541 542 542 543 544 544 545 546 547 548 549 550 551 552 553 553 554 554
527 527 527 528 528 528 528 528 528 529 529 529 529 530 530 530 530 531 531 531 532 532 532 533 533 533 534 534 534 534 534 534 534 534 533 533 533 533 533 532 532 532 532 532 532 532 532 532 532 532 532 532 532 532 532 531 531 531 531 531 531 531 532 532 532 533 533 534 534 535 536 537 538 538 539 540 541 541 542 543 544 544 545 546 547 548 549 550 551 552 552 553 553
529 529 529 529 529 529 530 530 530 530 531 531 531 532 532 532 532 533 533 533 534 534 534 534 535 535 535 535 535 535 535 535 535 535 535 535 534 534 534 534 533 533 533 532 532 532 532 532 532 532 533 533 533 532 532 532 532 532 532 532 532 532 532 532 533 533 533 534 534 535 535 536 537 538 538 539 540 541 541 542 543 543 544 545 546 547 548 549 550 550 551 552 552
530 530 530 531 531 531 531 531 532 532 532 532 533 533 533 533 534 534 534 535 535 535 536 536 536 536 537 537 537 537 537 537 536 536 536 536 536 535 535 535 535 534 534 534 534 533 533 533 533 533 533 533 533 533 533 533 533 532 532 532 532 532 532 532 533 533 533 534 534 534 535 535 536 537 538 538 539 540 541 541 542 543 543 544 545 546 547 548 549 549 550 551 551
531 531 531 532 532 532 532 532 533 533 533 533 534 534 534 535 535 535 535 536 536 536 537 537 537 538 538 538 538 538 538 538 538 538 537 537 537 537 536 536 536 536 536 535 535 535 535 534 534 534 534 534 534 534 534 533 533 533 533 533 533 533 533 533 533 533 533 534 534 534 534 535 535 536 536 537 538 539 540 540 541 542 543 543 544 545 546 547 548 548 549 550 550
532 532 532 533 533 533 533 533 534 534 534 534 535 535 535 536 536 536 536 537 537 537 538 538 538 539 539 539 539 539 539 539 539 539 539 538 538 538 538 538 537 537 537 537 537 536 536 536 536 536 535 535 535 535 535 534 534 534 534 534 534 534 534 534 534 534 534 534 534 534 534 534 535 535 535 536 537 538 538 539 540 541 541 542 543 544 544 545 546 547 548 548 549
533 533 533 533 534 534 534 534 535 535 535 535 536 536 536 536 537 537 537 538 538 538 539 539 539 539 540 540 540 540 540 540 540 540 540 540 539 539 539 539 539 538 538 538 538 538 538 537 537 537 537 536 536 536 535 535 535 535 535 535 535 535 534 534 534 534 534 534 534 534 534 534 534 534 534 534 535 536 536 537 538 539 540 541 542 543 543 544 545 545 546 546 547
534 534 534 534 534 535 535 535 535 536 536 536 536 537 537 537 538 538 538 538 539 539 539 540 540 540 541 541 541 541 541 541 541 541 541 541 540 540 540 540 540 540 540 539 539 539 539 539 539 538 538 538 537 537 537 536 536 536 536 535 535 535 535 535 535 534 534 534 534 534 534 534 534 534 534 534 534 534 534 535 536 537 537 538 539 540 541 542 543 544 544 545 545
534 534 535 535 535 535 536 536 536 536 537 537 537 538 538 538 538 539 539 539 540 540 540 540 541 541 541 541 541 542 542 542 542 542 542 542 542 541 541 541 541 541 541 541 541 541 540 540 540 540 539 539 539 538 538 537 537 537 537 536 536 536 535 535 535 535 535 534 534 534 534 534 534 533 533 533 533 533 533 533 533 534 535 536 537 538 539 540 541 541 542 543 544
535 535 535 535 536 536 536 536 536 537 537 538 538 538 538 539 539 539 539 540 540 540 541 541 541 541 542 542 542 542 542 543 543 543 543 543 543 543 543 542 542 542 542 542 542 542 542 542 541 541 541 540 540 540 539 539 538 538 538 537 537 536 536 536 535 535 535 535 534 534 534 534 534 533 533 533 532 532 532 532 532 532 533 533 534 535 536 537 538 539 540 541 541
535 535 536 536 536 536 536 537 537 537 537 538 538 539 539 539 539 540 540 540 541 541 541 541 542 542 542 542 543 543 543 543 543 543 543 543 544 544 544 543 543 543 543 543 543 543 543 543 542 542 542 542 541 541 541 540 540 539 539 538 538 537 537 537 536 535 535 535 535 534 534 534 533 533 533 532 532 532 531 531 531 531 531 531 532 532 532 533 535 536 537 537 538
536 536 536 536 536 537 537 537 537 537 538 538 538 539 539 539 540 540 540 541 541 542 542 542 542 542 543 543 543 543 544 544 544 544 544 544 544 544 544 544 544 544 544 544 544 544 544 544 543 543 543 543 542 542 542 541 541 540 540 539 539 538 538 537 537 536 536 535 535 535 534 534 534 533 533 532 532 531 531 531 531 530 530 530 529 529 529 530 530 531 533 534 535
