Analogs_temp/Normal_1961_1990Y/MAP.asc
NCOLS 1283 
NROWS 1518 
XLLCORNER -113.981666666 
YLLCORNER 48.334166667 
CELLSIZE 0.000277777777864382 
NODATA_value -9999
[rows 0 to 18 of 19, columns 1105 to 1189 of 1283]
2253 2254 2258 2262 2269 2275 2278 2280 2282 2283 2285 2287 2289 2291 2292 2294 2296 2299 2302 2304 2308 2313 2346 2367 2384 2402 2421 2449 2568 2730 2864 2898 2937 2962 2979 2984 3000 3006 3024 3077 3156 3248 3260 3265 3275 3300 3327 3351 3347 3339 3330 3319 3308 3298 3287 3277 3266 3254 3243 3232 3222 3212 3202 3193 3183 3174 3165 3154 3144 3135 3127 3122 3119 3117 3115 3114 3112 3104 3091 3076 3063 3051 3041 3033 3027
2277 2276 2277 2279 2281 2283 2284 2284 2284 2285 2286 2287 2288 2290 2293 2293 2297 2304 2309 2310 2313 2326 2350 2371 2388 2421 2683 2726 2775 2815 2855 2889 2922 2959 2988 3008 3029 3055 3054 3098 3166 3241 3304 3333 3360 3366 3358 3348 3337 3325 3314 3303 3292 3279 3267 3254 3242 3230 3218 3207 3195 3185 3173 3161 3148 3138 3129 3122 3115 3110 3106 3102 3100 3098 3096 3093 3087 3077 3063 3050 3038 3026 3016 3009 3005
2282 2283 2283 2284 2285 2286 2287 2286 2286 2286 2285 2285 2284 2283 2282 2281 2294 2313 2318 2323 2332 2348 2370 2386 2619 2718 2760 2787 2816 2845 2864 2899 2943 2969 2993 3014 3035 3087 3137 3147 3205 3270 3302 3333 3361 3357 3346 3333 3321 3307 3292 3278 3265 3252 3238 3225 3212 3200 3188 3175 3163 3153 3143 3134 3126 3118 3111 3104 3099 3094 3090 3086 3084 3084 3083 3079 3068 3054 3041 3028 3013 3000 2989 2985 2985
2267 2270 2276 2281 2284 2285 2287 2286 2285 2286 2284 2284 2281 2279 2275 2279 2306 2327 2338 2352 2365 2386 2414 2452 2485 2652 2725 2772 2804 2832 2853 2880 2932 2977 3002 3027 3053 3096 3151 3225 3254 3306 3332 3348 3350 3344 3330 3314 3297 3280 3263 3249 3234 3220 3206 3191 3178 3168 3158 3149 3140 3132 3123 3114 3103 3093 3083 3074 3068 3064 3061 3059 3061 3063 3062 3055 3043 3029 3014 2999 2986 2975 2968 2965 2963
2244 2245 2254 2263 2268 2272 2273 2275 2276 2275 2272 2268 2265 2269 2276 2287 2314 2338 2365 2378 2401 2419 2433 2446 2474 2587 2709 2774 2830 2864 2902 2933 2957 2973 3000 3027 3050 3081 3138 3201 3237 3277 3324 3344 3346 3328 3306 3286 3268 3250 3233 3216 3201 3188 3176 3165 3155 3147 3137 3125 3113 3101 3090 3080 3070 3062 3055 3050 3046 3044 3042 3041 3042 3044 3042 3031 3015 3000 2985 2972 2960 2951 2947 2943 2939
2228 2231 2237 2242 2246 2248 2249 2249 2248 2247 2245 2245 2254 2270 2281 2296 2319 2341 2362 2381 2398 2417 2451 2500 2618 2698 2786 2871 2924 2971 2993 3006 3033 3050 3057 3065 3079 3105 3142 3202 3249 3298 3327 3335 3320 3299 3277 3255 3232 3211 3198 3186 3175 3164 3152 3139 3126 3114 3102 3090 3078 3068 3059 3050 3043 3036 3029 3025 3023 3022 3022 3023 3026 3026 3018 3004 2988 2973 2960 2950 2940 2933 2926 2919 2913
2213 2219 2224 2228 2231 2234 2235 2235 2236 2236 2240 2249 2261 2274 2288 2305 2326 2343 2358 2373 2403 2443 2477 2497 2557 2677 2826 2932 3002 3028 3028 3055 3093 3148 3160 3169 3185 3213 3241 3275 3311 3345 3336 3317 3294 3269 3242 3218 3202 3187 3173 3160 3147 3133 3119 3108 3095 3082 3070 3058 3047 3036 3027 3019 3011 3005 3001 2997 2995 2994 2994 2995 2997 2998 2992 2978 2963 2950 2938 2929 2921 2914 2906 2897 2888
2201 2209 2214 2217 2219 2221 2222 2225 2229 2236 2245 2256 2268 2282 2298 2317 2334 2348 2360 2368 2392 2431 2472 2549 2751 2736 2776 2896 2978 3039 3082 3105 3141 3176 3206 3243 3271 3294 3326 3354 3358 3342 3321 3292 3264 3237 3215 3197 3179 3161 3144 3131 3119 3106 3092 3078 3064 3051 3039 3028 3017 3007 2998 2990 2982 2976 2971 2968 2966 2963 2963 2965 2967 2968 2963 2951 2939 2930 2921 2913 2905 2897 2888 2878 2868
2182 2191 2199 2204 2207 2209 2211 2215 2224 2235 2244 2257 2273 2290 2312 2337 2349 2361 2369 2388 2434 2515 2589 2627 2680 2845 2928 2923 2968 3040 3083 3137 3192 3229 3255 3278 3296 3320 3360 3369 3352 3327 3296 3264 3237 3214 3192 3173 3154 3137 3122 3108 3094 3078 3060 3045 3033 3021 3009 2999 2990 2981 2973 2966 2958 2951 2945 2939 2935 2934 2935 2939 2941 2942 2939 2932 2924 2915 2907 2896 2886 2876 2868 2859 2849
2162 2171 2179 2185 2190 2193 2197 2205 2215 2227 2241 2262 2284 2303 2329 2352 2374 2386 2402 2415 2447 2492 2626 2899 2915 2937 2992 3040 3076 3100 3139 3195 3242 3272 3296 3321 3344 3368 3375 3362 3336 3301 3268 3240 3215 3193 3171 3150 3131 3114 3097 3078 3061 3046 3032 3019 3007 2996 2986 2977 2968 2960 2952 2942 2933 2922 2911 2903 2897 2902 2910 2915 2919 2921 2920 2914 2903 2892 2879 2868 2859 2854 2847 2839 2831
2141 2150 2162 2170 2173 2177 2189 2205 2217 2237 2275 2306 2318 2338 2355 2375 2392 2409 2430 2459 2488 2496 2565 2892 2998 3088 3170 3193 3220 3229 3245 3266 3279 3292 3310 3330 3350 3364 3370 3345 3312 3275 3243 3217 3194 3170 3144 3122 3104 3086 3067 3048 3032 3019 3006 2994 2984 2972 2963 2953 2943 2934 2925 2914 2901 2889 2878 2870 2871 2881 2889 2894 2894 2892 2890 2886 2878 2866 2853 2840 2835 2835 2828 2817 2807
2120 2127 2143 2157 2173 2186 2204 2220 2232 2247 2271 2308 2329 2350 2377 2393 2404 2415 2433 2466 2664 2772 2813 2935 2979 3062 3153 3206 3227 3238 3250 3258 3268 3280 3292 3310 3333 3348 3339 3315 3279 3246 3217 3193 3166 3138 3117 3096 3075 3055 3036 3019 3006 2993 2979 2968 2959 2949 2937 2925 2913 2900 2886 2873 2860 2849 2838 2842 2853 2865 2871 2871 2869 2866 2864 2861 2856 2846 2832 2819 2812 2807 2796 2782 2770
2120 2130 2144 2162 2177 2193 2209 2224 2238 2254 2283 2311 2332 2355 2382 2399 2413 2426 2496 2671 2840 3006 3086 3068 3098 3146 3163 3202 3216 3228 3238 3248 3257 3266 3278 3291 3309 3323 3304 3276 3247 3217 3189 3160 3134 3112 3088 3065 3044 3026 3009 2991 2973 2958 2946 2936 2928 2918 2904 2889 2876 2864 2851 2838 2826 2816 2809 2820 2835 2843 2844 2842 2840 2838 2836 2834 2830 2822 2811 2798 2788 2782 2771 2756 2743
2129 2142 2154 2168 2183 2198 2213 2229 2244 2256 2281 2307 2336 2359 2386 2412 2426 2542 2729 2893 3008 3070 3087 3103 3120 3146 3165 3184 3200 3214 3227 3239 3248 3257 3266 3280 3294 3295 3273 3246 3217 3184 3154 3131 3109 3080 3054 3033 3013 2993 2972 2953 2937 2923 2911 2903 2895 2883 2868 2855 2843 2832 2821 2810 2799 2791 2788 2797 2809 2813 2813 2811 2810 2808 2807 2805 2803 2798 2789 2776 2764 2762 2752 2734 2721
2147 2160 2169 2181 2199 2213 2232 2255 2270 2288 2311 2339 2368 2393 2429 2639 2779 2947 2970 2989 3015 3045 3066 3081 3097 3117 3139 3159 3178 3196 3211 3225 3239 3249 3259 3270 3278 3268 3243 3212 3177 3150 3126 3101 3074 3046 3020 2997 2976 2952 2930 2913 2899 2887 2879 2875 2870 2855 2836 2822 2813 2804 2794 2784 2774 2764 2766 2775 2779 2782 2782 2783 2783 2783 2783 2782 2780 2775 2767 2756 2745 2737 2726 2712 2696
2203 2206 2213 2233 2244 2264 2299 2315 2332 2349 2374 2409 2481 2772 2777 2908 2915 2937 2967 2992 3013 3029 3042 3058 3073 3090 3114 3136 3155 3171 3190 3208 3224 3239 3250 3260 3255 3235 3204 3172 3147 3120 3091 3062 3032 3005 2976 2951 2929 2907 2889 2873 2859 2850 2843 2839 2835 2826 2810 2798 2787 2777 2765 2753 2738 2731 2741 2748 2751 2753 2754 2755 2755 2755 2754 2753 2751 2748 2742 2734 2723 2714 2702 2686 2668
2325 2324 2328 2328 2330 2329 2339 2359 2691 2715 2727 2785 2811 2833 2858 2884 2910 2933 2954 2975 2995 3011 3022 3035 3050 3067 3088 3113 3137 3152 3165 3186 3207 3224 3239 3247 3229 3199 3171 3144 3114 3083 3051 3019 2987 2956 2928 2904 2882 2862 2845 2833 2822 2813 2807 2803 2799 2792 2781 2768 2755 2744 2733 2719 2707 2708 2714 2719 2723 2726 2727 2729 2729 2729 2728 2727 2725 2722 2718 2712 2704 2693 2679 2655 2635
2585 2598 2611 2625 2637 2649 2668 2687 2712 2742 2770 2796 2819 2843 2864 2883 2901 2919 2935 2950 2964 2980 2996 3011 3027 3046 3067 3089 3116 3139 3151 3165 3184 3208 3224 3219 3198 3171 3144 3114 3079 3042 3010 2971 2937 2907 2884 2863 2842 2824 2808 2796 2787 2779 2773 2768 2763 2758 2749 2736 2723 2713 2699 2683 2676 2681 2690 2695 2698 2700 2701 2702 2703 2703 2702 2701 2698 2696 2693 2688 2678 2665 2651 2635 2620
2614 2629 2644 2657 2672 2687 2705 2722 2740 2761 2785 2807 2823 2838 2851 2864 2876 2888 2902 2919 2935 2951 2967 2985 3006 3028 3052 3073 3095 3120 3139 3153 3167 3186 3208 3198 3173 3145 3117 3080 3040 3002 2961 2923 2894 2869 2846 2825 2806 2789 2774 2763 2753 2746 2739 2733 2726 2718 2710 2701 2688 2674 2661 2649 2646 2654 2663 2669 2673 2675 2676 2676 2676 2675 2674 2673 2670 2667 2663 2656 2647 2638 2627 2616 2603
