Analogs_temp/Normal_1961_1990Y/MAP.asc
NCOLS 1283 
NROWS 1518 
XLLCORNER -113.981666666 
YLLCORNER 48.334166667 
CELLSIZE 0.000277777777864382 
NODATA_value -9999
[rows 0 to 18 of 19, columns 0 to 84 of 1283]
-9999 -9999 -9999 -9999 -9999 -9999 -9999 -9999 -9999 -9999 -9999 -9999 -9999 -9999 -9999 -9999 -9999 -9999 -9999 -9999 -9999 -9999 -9999 -9999 -9999 -9999 -9999 2216 2212 2204 2193 2184 2175 2166 2159 2154 2148 2143 2137 2131 2127 2124 2118 2118 2117 2118 2119 2124 2128 2133 2140 2149 2159 2166 2174 2191 2204 2216 2237 2268 2294 2329 2360 2382 2403 2419 2431 2440 2447 2454 2459 2464 2463 2458 2450 2438 2427 2419 2411 2409 2410 2409 2400 2386 2360
-9999 -9999 -9999 -9999 -9999 -9999 -9999 -9999 -9999 -9999 -9999 -9999 -9999 -9999 -9999 -9999 -9999 -9999 -9999 -9999 -9999 -9999 -9999 -9999 -9999 -9999 -9999 2216 2204 2192 2182 2173 2164 2157 2153 2148 2142 2137 2131 2126 2124 2122 2122 2121 2113 2105 2103 2102 2106 2114 2123 2130 2138 2149 2160 2168 2177 2185 2200 2225 2258 2296 2324 2355 2380 2396 2405 2411 2419 2429 2438 2448 2457 2464 2463 2458 2450 2442 2438 2437 2439 2434 2421 2399 2377
-9999 -9999 -9999 -9999 -9999 -9999 -9999 -9999 -9999 -9999 -9999 -9999 -9999 -9999 -9999 -9999 -9999 -9999 -9999 -9999 -9999 -9999 -9999 -9999 -9999 -9999 -9999 2213 2201 2189 2179 2167 2157 2146 2139 2134 2129 2125 2123 2123 2122 2120 2119 2114 2108 2099 2095 2093 2091 2092 2103 2115 2128 2138 2145 2153 2158 2164 2176 2196 2217 2245 2283 2327 2355 2368 2375 2382 2391 2403 2415 2427 2443 2457 2468 2470 2470 2467 2464 2465 2461 2446 2431 2413 2390
-9999 -9999 -9999 -9999 -9999 -9999 -9999 -9999 -9999 -9999 -9999 -9999 -9999 -9999 -9999 -9999 -9999 -9999 -9999 -9999 -9999 -9999 -9999 -9999 -9999 -9999 2219 2209 2196 2184 2173 2163 2154 2144 2129 2117 2115 2116 2117 2116 2114 2111 2105 2097 2091 2087 2087 2088 2088 2087 2087 2102 2117 2128 2135 2141 2147 2154 2162 2171 2186 2212 2245 2289 2312 2325 2337 2349 2360 2372 2386 2402 2420 2439 2457 2470 2484 2498 2496 2492 2475 2454 2441 2425 2408
-9999 -9999 -9999 -9999 -9999 -9999 -9999 -9999 -9999 -9999 -9999 -9999 -9999 -9999 -9999 -9999 -9999 -9999 -9999 -9999 -9999 -9999 -9999 -9999 -9999 -9999 2211 2202 2191 2181 2170 2160 2151 2140 2124 2111 2100 2098 2098 2095 2091 2087 2083 2079 2076 2074 2075 2077 2077 2072 2077 2092 2104 2114 2123 2130 2137 2143 2151 2159 2169 2188 2208 2234 2260 2274 2292 2310 2325 2336 2356 2378 2395 2411 2430 2449 2464 2484 2505 2514 2497 2468 2453 2439 2427
-9999 -9999 -9999 -9999 -9999 -9999 -9999 -9999 -9999 -9999 -9999 -9999 -9999 -9999 -9999 -9999 -9999 -9999 -9999 -9999 -9999 -9999 -9999 -9999 -9999 -9999 2198 2189 2181 2173 2162 2153 2146 2134 2119 2108 2095 2085 2079 2071 2067 2064 2060 2057 2057 2058 2060 2060 2059 2058 2068 2083 2093 2100 2108 2117 2125 2133 2142 2150 2159 2169 2183 2201 2220 2236 2250 2265 2289 2313 2335 2353 2370 2385 2399 2414 2432 2465 2514 2537 2517 2495 2474 2458 2446
-9999 -9999 -9999 -9999 -9999 -9999 -9999 -9999 -9999 -9999 -9999 -9999 -9999 -9999 -9999 -9999 -9999 -9999 -9999 -9999 -9999 -9999 -9999 -9999 -9999 -9999 2181 2174 2166 2157 2149 2141 2132 2119 2107 2096 2086 2080 2074 2063 2051 2043 2036 2036 2038 2042 2045 2047 2046 2047 2057 2067 2076 2084 2094 2104 2113 2122 2132 2141 2148 2156 2165 2174 2192 2215 2232 2254 2267 2286 2302 2320 2339 2355 2369 2387 2428 2475 2518 2555 2546 2521 2497 2480 2466
-9999 -9999 -9999 -9999 -9999 -9999 -9999 -9999 -9999 -9999 -9999 -9999 -9999 -9999 -9999 -9999 -9999 -9999 -9999 -9999 -9999 -9999 -9999 -9999 -9999 -9999 2166 2154 2146 2140 2132 2123 2113 2103 2093 2082 2071 2065 2058 2050 2044 2036 2024 2017 2020 2024 2027 2027 2027 2032 2042 2052 2061 2070 2081 2091 2100 2109 2119 2129 2138 2145 2150 2158 2167 2177 2193 2205 2219 2233 2249 2273 2299 2322 2347 2389 2428 2476 2521 2561 2588 2571 2544 2526 2511
-9999 -9999 -9999 -9999 -9999 -9999 -9999 -9999 -9999 -9999 -9999 -9999 -9999 -9999 -9999 -9999 -9999 -9999 -9999 -9999 -9999 -9999 -9999 -9999 -9999 -9999 2148 2137 2125 2114 2109 2103 2095 2085 2076 2069 2058 2048 2037 2033 2029 2022 2014 2006 2003 2009 2011 2011 2009 2017 2027 2037 2045 2054 2064 2074 2084 2093 2102 2111 2122 2131 2134 2142 2149 2156 2163 2170 2177 2190 2209 2236 2268 2297 2340 2392 2441 2491 2531 2575 2615 2613 2596 2576 2557
-9999 -9999 -9999 -9999 -9999 -9999 -9999 -9999 -9999 -9999 -9999 -9999 -9999 -9999 -9999 -9999 -9999 -9999 -9999 -9999 -9999 -9999 -9999 -9999 -9999 -9999 2127 2116 2105 2093 2086 2081 2074 2066 2058 2051 2041 2033 2024 2015 2009 2006 2003 1998 1994 1996 1999 1999 1999 2006 2015 2023 2030 2039 2047 2055 2064 2073 2082 2091 2097 2100 2108 2119 2130 2140 2147 2153 2162 2172 2188 2216 2252 2296 2343 2396 2443 2495 2534 2563 2584 2612 2620 2611 2589
-9999 -9999 -9999 -9999 -9999 -9999 -9999 -9999 -9999 -9999 -9999 -9999 -9999 -9999 -9999 -9999 -9999 -9999 -9999 -9999 -9999 -9999 -9999 -9999 -9999 -9999 2098 2092 2085 2076 2068 2059 2055 2049 2043 2037 2028 2017 2008 1998 1992 1989 1986 1983 1984 1986 1987 1988 1989 1995 2002 2009 2015 2022 2029 2037 2045 2053 2059 2067 2073 2079 2086 2095 2104 2115 2127 2139 2150 2163 2178 2202 2238 2287 2334 2389 2431 2469 2494 2522 2560 2593 2599 2595 2590
-9999 -9999 -9999 -9999 -9999 -9999 -9999 -9999 -9999 -9999 -9999 -9999 -9999 -9999 -9999 -9999 -9999 -9999 -9999 -9999 -9999 -9999 -9999 -9999 -9999 -9999 2078 2071 2069 2061 2051 2043 2035 2029 2026 2021 2012 2004 1995 1985 1976 1972 1970 1973 1975 1977 1978 1978 1978 1981 1988 1994 2000 2005 2010 2018 2028 2036 2043 2049 2054 2060 2068 2076 2085 2094 2107 2124 2138 2152 2168 2188 2226 2268 2316 2364 2411 2456 2492 2526 2570 2579 2577 2574 2570
-9999 -9999 -9999 -9999 -9999 -9999 -9999 -9999 -9999 -9999 -9999 -9999 -9999 -9999 -9999 -9999 -9999 -9999 -9999 -9999 -9999 -9999 -9999 -9999 -9999 -9999 2058 2051 2047 2042 2034 2025 2018 2013 2008 2003 1994 1986 1976 1966 1955 1963 1966 1968 1971 1972 1973 1972 1970 1968 1974 1980 1986 1991 1999 2007 2016 2024 2030 2037 2043 2049 2055 2060 2073 2085 2098 2112 2126 2141 2159 2185 2219 2265 2312 2361 2408 2460 2497 2533 2552 2558 2556 2552 2547
-9999 -9999 -9999 -9999 -9999 -9999 -9999 -9999 -9999 -9999 -9999 -9999 -9999 -9999 -9999 -9999 -9999 -9999 -9999 -9999 -9999 -9999 -9999 -9999 -9999 -9999 2043 2028 2021 2018 2013 2007 2001 1996 1992 1986 1976 1965 1955 1942 1941 1964 1968 1968 1969 1970 1970 1970 1968 1960 1959 1966 1971 1978 1987 1997 2006 2014 2021 2026 2034 2042 2050 2057 2065 2076 2088 2101 2113 2128 2145 2172 2203 2247 2297 2353 2404 2449 2479 2510 2534 2542 2535 2529 2523
-9999 -9999 -9999 -9999 -9999 -9999 -9999 -9999 -9999 -9999 -9999 -9999 -9999 -9999 -9999 -9999 -9999 -9999 -9999 -9999 -9999 -9999 -9999 -9999 -9999 -9999 2017 1999 1992 1991 1988 1983 1976 1971 1967 1961 1952 1939 1928 1913 1928 1951 1963 1965 1966 1967 1967 1963 1958 1951 1947 1951 1959 1967 1973 1981 2000 2013 2018 2021 2029 2038 2045 2051 2057 2064 2074 2087 2099 2114 2137 2165 2197 2238 2291 2341 2385 2421 2454 2485 2512 2525 2515 2506 2501
-9999 -9999 -9999 -9999 -9999 -9999 -9999 -9999 -9999 -9999 -9999 -9999 -9999 -9999 -9999 -9999 -9999 -9999 -9999 -9999 -9999 -9999 -9999 -9999 -9999 -9999 1978 1965 1960 1959 1955 1947 1939 1938 1938 1930 1920 1907 1891 1881 1905 1925 1944 1954 1956 1956 1953 1949 1944 1941 1937 1937 1946 1956 1968 1982 2003 2017 2022 2026 2030 2034 2039 2044 2050 2056 2065 2078 2092 2108 2130 2158 2193 2233 2275 2316 2359 2402 2448 2480 2506 2509 2501 2493 2485
-9999 -9999 -9999 -9999 -9999 -9999 -9999 -9999 -9999 -9999 -9999 -9999 -9999 -9999 -9999 -9999 -9999 -9999 -9999 -9999 -9999 -9999 -9999 -9999 -9999 -9999 1946 1932 1923 1921 1916 1908 1897 1900 1900 1894 1884 1869 1854 1850 1884 1923 1933 1933 1932 1933 1932 1931 1930 1929 1923 1919 1935 1946 1961 1975 2001 2015 2019 2023 2026 2030 2032 2034 2040 2049 2059 2071 2084 2100 2129 2164 2197 2235 2275 2320 2376 2421 2450 2472 2496 2504 2496 2485 2472
-9999 -9999 -9999 -9999 -9999 -9999 -9999 -9999 -9999 -9999 -9999 -9999 -9999 -9999 -9999 -9999 -9999 -9999 -9999 -9999 -9999 -9999 -9999 -9999 -9999 -9999 1909 1896 1885 1879 1873 1863 1851 1851 1856 1852 1844 1831 1817 1828 1870 1902 1906 1903 1901 1901 1902 1903 1903 1900 1895 1903 1927 1942 1956 1968 1981 2000 2012 2016 2019 2023 2024 2025 2025 2031 2047 2060 2076 2097 2128 2169 2222 2270 2305 2334 2382 2414 2448 2467 2487 2497 2492 2477 2462
-9999 -9999 -9999 -9999 -9999 -9999 -9999 -9999 -9999 -9999 -9999 -9999 -9999 -9999 -9999 -9999 -9999 -9999 -9999 -9999 -9999 -9999 -9999 -9999 -9999 -9999 1878 1867 1851 1836 1827 1818 1809 1805 1805 1804 1802 1795 1786 1794 1840 1866 1861 1849 1846 1851 1857 1863 1865 1864 1872 1905 1931 1946 1954 1961 1969 1977 1988 2000 2008 2012 2013 2011 2012 2019 2030 2052 2071 2099 2132 2180 2228 2283 2320 2349 2387 2418 2430 2443 2456 2470 2475 2472 2462
