Analogs_temp/Normal_1961_1990Y/MAP.asc
NCOLS 1283 
NROWS 1518 
XLLCORNER -113.981666666 
YLLCORNER 48.334166667 
CELLSIZE 0.000277777777864382 
NODATA_value -9999
[rows 0 to 18 of 19, columns 850 to 934 of 1283]
2160 2188 2213 2238 2263 2281 2299 2322 2344 2358 2374 2391 2409 2425 2444 2459 2476 2502 2527 2544 2532 2492 2443 2418 2403 2392 2385 2378 2370 2359 2348 2338 2326 2310 2265 2137 2098 2097 2098 2100 2103 2105 2108 2110 2112 2113 2115 2117 2118 2119 2120 2120 2120 2120 2120 2120 2120 2120 2120 2119 2117 2114 2112 2111 2109 2108 2106 2103 2099 2096 2092 2087 2080 2072 2066 2061 2063 2068 2077 2086 2093 2099 2101 2100 2099
2161 2186 2211 2238 2262 2281 2298 2317 2338 2354 2370 2384 2400 2412 2433 2457 2483 2516 2548 2557 2528 2494 2461 2425 2412 2402 2393 2385 2376 2367 2358 2348 2337 2323 2298 2247 2128 2114 2110 2111 2112 2114 2116 2117 2119 2120 2121 2122 2123 2124 2125 2125 2126 2126 2126 2125 2125 2125 2124 2122 2120 2119 2117 2115 2114 2112 2110 2107 2103 2099 2094 2088 2083 2078 2072 2068 2067 2074 2082 2091 2097 2103 2107 2110 2115
2171 2199 2221 2240 2261 2279 2295 2310 2333 2353 2372 2388 2401 2416 2434 2454 2485 2520 2572 2600 2555 2502 2458 2432 2421 2410 2400 2391 2383 2374 2365 2356 2346 2332 2316 2288 2243 2133 2131 2127 2126 2126 2127 2127 2128 2129 2129 2129 2130 2130 2130 2130 2131 2131 2131 2130 2130 2129 2128 2127 2125 2124 2122 2121 2120 2118 2116 2113 2108 2099 2093 2089 2085 2082 2078 2075 2073 2078 2086 2094 2100 2106 2112 2117 2124
2184 2211 2232 2250 2270 2286 2300 2316 2335 2356 2374 2391 2404 2417 2435 2462 2491 2529 2602 2636 2587 2544 2500 2452 2433 2417 2406 2398 2389 2380 2371 2360 2350 2337 2323 2305 2284 2216 2135 2137 2137 2137 2137 2137 2137 2137 2137 2137 2137 2137 2136 2136 2136 2136 2135 2135 2135 2134 2133 2132 2130 2129 2128 2128 2127 2125 2124 2122 2116 2107 2098 2094 2091 2089 2085 2081 2078 2082 2089 2095 2101 2108 2114 2121 2128
2223 2248 2263 2275 2285 2295 2307 2318 2336 2353 2374 2394 2408 2424 2441 2462 2487 2523 2595 2656 2632 2590 2524 2478 2451 2433 2418 2408 2397 2387 2376 2365 2353 2341 2329 2315 2298 2264 2183 2152 2148 2146 2145 2144 2144 2144 2143 2143 2143 2143 2142 2142 2142 2141 2141 2140 2139 2139 2138 2137 2136 2135 2134 2133 2132 2132 2131 2130 2123 2117 2110 2105 2101 2096 2091 2087 2085 2086 2091 2096 2101 2108 2115 2123 2130
2256 2278 2291 2300 2308 2316 2323 2332 2344 2356 2373 2395 2412 2428 2446 2466 2491 2527 2597 2694 2686 2636 2567 2506 2473 2450 2433 2419 2407 2393 2382 2370 2355 2346 2335 2321 2305 2280 2199 2172 2162 2157 2154 2153 2151 2150 2150 2149 2149 2149 2148 2148 2147 2146 2146 2145 2144 2144 2143 2142 2142 2141 2140 2139 2139 2138 2136 2134 2131 2125 2120 2115 2109 2103 2097 2094 2092 2091 2094 2097 2101 2108 2116 2124 2131
2287 2298 2310 2322 2332 2340 2349 2356 2361 2377 2392 2406 2425 2442 2459 2477 2510 2553 2636 2706 2733 2661 2610 2564 2497 2468 2448 2432 2418 2405 2393 2382 2369 2358 2340 2322 2306 2274 2202 2178 2173 2168 2164 2162 2160 2158 2157 2156 2155 2154 2154 2153 2152 2152 2151 2150 2149 2149 2148 2148 2148 2147 2146 2145 2144 2143 2141 2139 2137 2134 2130 2125 2119 2113 2107 2102 2099 2097 2098 2100 2101 2106 2116 2128 2135
2309 2322 2333 2344 2352 2366 2378 2384 2390 2396 2411 2427 2445 2464 2483 2504 2530 2591 2686 2738 2732 2740 2687 2611 2567 2506 2472 2454 2434 2421 2410 2400 2386 2373 2355 2331 2309 2278 2221 2189 2183 2178 2175 2171 2168 2166 2164 2163 2162 2161 2160 2159 2158 2157 2156 2155 2154 2154 2154 2153 2153 2153 2152 2151 2150 2149 2147 2146 2144 2141 2139 2136 2131 2126 2122 2118 2113 2109 2104 2108 2110 2113 2124 2136 2144
2328 2345 2362 2378 2399 2409 2427 2426 2429 2429 2432 2447 2465 2485 2505 2537 2587 2648 2701 2727 2734 2776 2767 2687 2616 2583 2508 2485 2464 2439 2425 2413 2399 2377 2360 2346 2325 2286 2221 2205 2192 2187 2183 2180 2177 2174 2172 2170 2169 2167 2166 2164 2162 2161 2160 2160 2159 2159 2158 2158 2158 2158 2158 2157 2157 2155 2154 2152 2151 2149 2147 2145 2143 2140 2138 2137 2136 2134 2132 2129 2131 2134 2140 2147 2154
2339 2357 2378 2399 2419 2440 2467 2471 2471 2476 2477 2478 2490 2510 2539 2571 2599 2641 2703 2736 2790 2828 2824 2758 2704 2629 2584 2541 2502 2476 2444 2429 2415 2397 2375 2358 2332 2290 2247 2222 2205 2195 2191 2187 2184 2181 2179 2177 2175 2173 2171 2169 2167 2166 2165 2165 2164 2164 2163 2164 2164 2164 2164 2164 2163 2163 2162 2161 2159 2158 2156 2155 2153 2152 2151 2151 2152 2152 2152 2151 2150 2149 2153 2160 2165
2338 2354 2372 2397 2414 2434 2453 2474 2499 2523 2514 2499 2510 2525 2555 2584 2611 2643 2701 2752 2802 2846 2877 2834 2766 2688 2642 2605 2568 2515 2481 2452 2435 2421 2404 2389 2357 2311 2266 2235 2218 2205 2197 2194 2191 2188 2186 2183 2181 2179 2177 2175 2173 2172 2172 2171 2169 2169 2169 2169 2170 2170 2170 2170 2170 2170 2170 2169 2168 2167 2166 2165 2164 2163 2163 2163 2163 2163 2163 2163 2163 2164 2167 2171 2175
2327 2341 2355 2373 2392 2410 2431 2450 2467 2482 2492 2498 2505 2522 2545 2569 2590 2619 2667 2723 2781 2818 2860 2890 2860 2782 2702 2653 2607 2558 2504 2477 2455 2443 2429 2410 2381 2335 2297 2245 2226 2216 2207 2200 2197 2194 2191 2189 2187 2185 2183 2182 2181 2179 2178 2177 2175 2174 2174 2175 2176 2177 2177 2177 2177 2177 2177 2177 2176 2175 2175 2174 2174 2174 2174 2173 2174 2175 2176 2177 2179 2181 2182 2185 2188
2305 2319 2332 2345 2360 2380 2402 2420 2439 2455 2468 2478 2487 2503 2520 2533 2558 2596 2641 2705 2759 2801 2832 2876 2875 2830 2758 2689 2627 2579 2539 2517 2501 2485 2472 2461 2433 2362 2317 2283 2245 2228 2215 2206 2202 2199 2197 2195 2194 2192 2191 2189 2188 2187 2185 2184 2182 2182 2182 2183 2184 2184 2185 2185 2185 2185 2185 2185 2185 2184 2184 2183 2183 2182 2182 2183 2184 2186 2188 2190 2192 2195 2197 2199 2201
2265 2288 2306 2318 2333 2349 2366 2387 2407 2423 2442 2455 2469 2485 2497 2512 2538 2569 2601 2648 2692 2732 2788 2830 2869 2829 2782 2754 2707 2651 2614 2584 2561 2541 2523 2505 2482 2448 2406 2359 2275 2233 2222 2212 2206 2204 2202 2201 2200 2199 2197 2196 2195 2194 2193 2192 2191 2191 2191 2192 2192 2193 2194 2194 2194 2195 2194 2194 2194 2193 2193 2192 2192 2191 2191 2192 2193 2196 2198 2201 2204 2207 2209 2212 2214
2225 2250 2274 2290 2307 2320 2338 2360 2385 2401 2421 2437 2451 2467 2480 2494 2514 2543 2575 2604 2628 2680 2738 2790 2810 2829 2861 2848 2800 2752 2698 2677 2647 2621 2606 2586 2558 2534 2503 2392 2284 2238 2232 2223 2215 2210 2209 2208 2207 2206 2204 2204 2203 2202 2202 2201 2201 2201 2202 2202 2202 2203 2203 2204 2204 2204 2204 2204 2204 2204 2203 2203 2203 2202 2202 2202 2204 2207 2210 2212 2215 2218 2221 2224 2228
2191 2217 2241 2258 2271 2290 2313 2336 2359 2376 2393 2416 2436 2448 2460 2473 2495 2514 2536 2567 2614 2656 2695 2737 2766 2810 2863 2891 2886 2837 2800 2772 2749 2715 2684 2669 2658 2651 2579 2425 2301 2265 2248 2241 2232 2225 2220 2217 2215 2214 2213 2211 2211 2210 2210 2210 2211 2211 2212 2212 2212 2213 2214 2214 2214 2214 2215 2215 2215 2215 2215 2215 2215 2215 2215 2216 2217 2219 2221 2224 2228 2231 2235 2239 2242
2169 2186 2204 2232 2251 2271 2295 2316 2340 2360 2377 2395 2412 2427 2444 2462 2480 2497 2520 2551 2581 2607 2645 2684 2737 2791 2844 2899 2922 2913 2893 2882 2849 2828 2784 2746 2735 2737 2595 2452 2380 2324 2288 2262 2251 2242 2235 2230 2226 2223 2221 2220 2219 2219 2219 2220 2221 2221 2222 2223 2223 2223 2224 2224 2225 2225 2226 2226 2227 2228 2228 2228 2228 2228 2229 2229 2230 2231 2234 2237 2241 2245 2249 2253 2256
2146 2162 2179 2209 2238 2262 2283 2304 2325 2343 2359 2379 2398 2414 2432 2451 2468 2488 2508 2529 2560 2594 2628 2657 2698 2767 2841 2893 2942 3000 2983 2966 2951 2925 2865 2846 2830 2805 2732 2563 2482 2401 2354 2314 2274 2259 2251 2245 2239 2235 2232 2229 2229 2229 2229 2229 2230 2231 2232 2232 2233 2234 2234 2235 2235 2236 2237 2238 2239 2240 2241 2242 2242 2242 2241 2241 2241 2243 2246 2249 2253 2256 2260 2263 2266
2130 2151 2175 2204 2228 2251 2269 2287 2311 2331 2353 2373 2387 2400 2414 2440 2458 2480 2501 2523 2548 2576 2614 2652 2681 2722 2806 2867 2923 2989 3040 3060 3039 2982 2961 2953 2911 2900 2795 2682 2587 2518 2434 2371 2328 2288 2266 2259 2253 2248 2244 2242 2240 2239 2239 2238 2238 2239 2240 2240 2241 2242 2243 2244 2245 2246 2247 2248 2250 2251 2252 2253 2253 2253 2252 2251 2252 2253 2256 2259 2263 2266 2269 2272 2275
