Analogs_temp/Normal_1961_1990Y/MAP.asc
NCOLS 1283 
NROWS 1518 
XLLCORNER -113.981666666 
YLLCORNER 48.334166667 
CELLSIZE 0.000277777777864382 
NODATA_value -9999
[rows 0 to 18 of 19, columns 595 to 679 of 1283]
793 794 796 797 798 800 803 805 807 809 811 812 814 817 818 820 822 823 824 826 827 829 831 832 834 839 844 850 856 862 867 875 882 888 892 896 905 913 921 930 938 943 947 951 954 961 972 981 988 992 996 998 998 994 986 970 963 980 997 1009 1024 1035 1045 1055 1063 1069 1075 1081 1087 1093 1098 1102 1107 1112 1117 1123 1130 1139 1149 1157 1163 1170 1176 1184 1191
787 788 790 791 792 793 795 796 799 801 803 805 806 808 810 812 814 815 816 818 819 821 823 824 826 829 831 837 842 848 853 859 865 868 872 879 887 894 903 913 921 927 931 930 934 946 957 966 972 976 978 980 980 976 970 955 962 982 998 1009 1022 1031 1040 1050 1058 1064 1069 1074 1080 1086 1091 1095 1099 1104 1109 1114 1120 1128 1139 1148 1156 1162 1169 1177 1185
780 782 783 785 786 787 788 790 791 793 795 797 799 801 803 805 806 808 809 810 812 813 815 817 819 821 824 826 829 835 839 844 848 852 856 859 868 878 888 897 903 908 912 916 922 931 941 950 956 960 962 962 961 959 951 942 963 976 989 999 1010 1020 1029 1039 1047 1055 1060 1065 1070 1076 1080 1086 1090 1095 1099 1104 1110 1117 1127 1137 1146 1154 1160 1168 1176
774 775 776 778 779 780 781 783 784 785 787 790 792 794 796 798 799 801 802 803 805 806 808 809 811 813 815 818 820 823 825 830 834 838 843 848 854 862 870 879 886 889 896 903 910 917 922 928 935 939 939 938 936 934 930 931 954 967 978 985 992 1003 1015 1023 1031 1040 1047 1053 1058 1063 1068 1073 1078 1083 1088 1094 1100 1108 1116 1125 1134 1142 1150 1157 1164
767 768 769 770 772 773 774 776 777 779 780 783 786 788 790 792 793 795 796 797 798 799 800 802 803 805 807 809 811 814 816 819 822 827 830 834 840 846 853 859 863 872 883 890 895 901 907 917 925 923 915 909 905 903 908 926 949 960 966 973 979 987 998 1008 1014 1020 1027 1035 1042 1048 1054 1058 1063 1069 1075 1081 1088 1095 1103 1111 1119 1127 1135 1143 1150
759 760 761 762 763 764 766 767 769 771 773 776 779 781 783 785 787 788 789 790 791 792 793 794 795 796 798 800 802 804 807 809 812 815 817 819 824 830 836 840 846 853 862 870 878 885 892 898 901 900 888 876 884 891 912 928 941 950 957 963 970 978 985 991 996 1001 1007 1014 1021 1028 1034 1040 1047 1053 1059 1066 1073 1080 1087 1095 1103 1111 1118 1126 1134
752 752 752 752 753 754 755 757 760 763 765 768 770 773 776 778 780 782 783 784 784 785 786 787 787 788 790 791 793 795 797 799 802 804 806 809 812 816 821 826 831 837 843 849 856 864 871 878 879 871 865 881 890 898 911 921 929 937 944 950 955 961 967 972 976 980 986 993 999 1006 1011 1017 1025 1033 1042 1049 1056 1063 1070 1077 1085 1093 1101 1109 1118
745 744 744 743 743 743 745 747 750 753 756 759 762 765 767 770 772 774 775 776 777 777 778 779 779 780 781 783 784 786 788 789 791 793 796 799 802 805 808 810 816 822 827 832 836 841 845 849 849 851 861 877 885 891 900 909 916 921 925 930 935 941 949 955 957 960 965 971 978 985 991 997 1003 1010 1019 1028 1036 1044 1051 1058 1066 1075 1083 1092 1101
740 739 738 737 736 735 736 739 742 744 747 750 752 755 758 760 763 764 766 767 768 769 769 770 770 771 772 774 775 777 779 780 781 783 786 788 791 793 796 799 803 807 811 815 819 822 825 828 834 846 852 861 871 879 885 892 898 902 905 907 909 914 925 933 936 937 941 947 955 956 967 978 985 991 998 1005 1013 1022 1030 1039 1047 1055 1065 1074 1083
736 735 734 733 732 731 730 731 734 736 739 741 744 746 748 750 752 754 756 757 758 759 760 761 761 762 764 765 766 768 769 769 771 774 776 778 780 782 784 787 791 794 798 800 803 805 807 813 821 830 836 842 850 860 869 874 878 882 886 888 892 896 902 908 912 914 918 925 932 933 935 943 956 968 978 984 991 999 1008 1018 1027 1035 1043 1053 1062
733 732 730 729 728 727 725 724 726 728 731 733 735 737 739 741 743 744 746 747 749 750 751 752 753 754 755 756 757 759 760 761 763 765 767 768 769 771 773 775 778 781 784 787 789 792 796 803 809 815 820 826 832 839 848 854 859 864 867 871 874 877 882 887 891 894 898 903 909 915 919 923 929 935 943 955 967 977 988 1004 1014 1020 1025 1032 1039
728 727 727 725 725 722 720 718 718 720 722 724 726 728 730 732 733 735 736 738 739 740 741 742 744 745 746 747 748 750 751 753 754 756 758 759 760 761 762 763 767 771 773 774 777 781 785 792 797 801 806 810 816 823 830 835 840 845 850 854 857 861 865 869 874 878 882 887 892 898 903 906 909 913 919 925 931 940 953 968 989 1002 1009 1012 1017
723 723 722 721 721 717 715 713 712 712 713 715 717 719 721 723 724 726 727 729 730 731 732 733 734 736 737 738 740 741 743 744 746 747 749 750 752 753 754 756 759 761 763 763 767 771 775 779 783 787 790 794 798 803 808 815 821 827 834 839 843 846 850 854 858 862 866 869 872 875 879 882 886 891 895 901 906 911 916 921 927 937 953 971 985
719 718 718 717 716 712 709 708 707 706 706 707 709 711 712 714 716 717 719 720 721 722 723 724 725 726 728 729 731 733 734 736 737 739 740 742 743 745 747 748 750 751 753 756 761 765 768 767 767 767 769 773 778 783 788 793 799 806 813 821 828 833 836 840 844 847 850 852 854 856 857 858 861 864 869 873 878 884 890 895 900 905 912 919 927
713 713 713 713 710 707 705 703 703 702 701 701 702 702 704 705 707 708 710 711 712 713 714 715 716 717 719 721 723 725 726 728 729 731 732 734 735 737 738 740 741 743 745 749 754 757 759 759 757 755 753 755 759 764 769 774 779 784 789 795 802 810 818 824 828 831 834 836 837 837 837 837 837 838 839 843 847 852 857 862 867 874 881 889 898
708 708 708 707 705 702 700 699 698 698 697 696 696 696 697 698 698 699 701 702 703 704 705 706 707 708 710 712 714 716 718 720 721 723 725 726 727 729 730 731 733 734 737 739 743 746 747 747 747 745 744 743 743 748 751 754 758 763 767 772 778 783 789 795 801 806 811 814 815 814 812 811 810 809 809 810 812 817 822 826 829 832 840 848 857
703 703 702 701 700 698 697 695 694 693 692 692 692 691 692 691 692 693 693 694 695 696 697 698 699 700 702 704 706 708 710 711 713 715 717 719 720 721 721 723 724 726 728 730 732 734 734 734 735 736 736 734 734 735 736 737 738 742 744 749 754 758 763 767 772 775 779 781 782 783 783 783 782 781 781 781 782 785 791 796 797 795 798 805 812
697 697 697 696 695 694 693 692 691 690 689 688 688 687 687 687 687 687 687 687 688 688 689 690 691 692 694 696 698 700 702 703 705 708 710 712 713 713 713 715 717 718 719 721 722 724 724 725 726 726 727 727 726 725 723 721 719 719 723 727 731 735 738 742 744 747 749 751 753 754 755 756 756 755 756 757 760 764 766 768 768 767 768 771 775
691 691 691 691 691 690 689 688 687 687 685 685 684 683 683 682 682 681 681 682 682 682 683 683 684 685 687 688 690 692 694 696 698 701 704 706 707 707 707 708 708 707 711 714 715 716 717 717 718 718 718 718 718 717 716 714 710 701 702 707 710 713 716 719 721 721 720 721 723 725 727 729 732 733 734 736 739 742 744 744 743 740 741 742 745
