Analogs_temp/Normal_1961_1990Y/MSP.asc
NCOLS 1283 
NROWS 1518 
XLLCORNER -113.981666666 
YLLCORNER 48.334166667 
CELLSIZE 0.000277777777864382 
NODATA_value -9999
[rows 0 to 18 of 19, columns 0 to 92 of 1283]
-9999 -9999 -9999 -9999 -9999 -9999 -9999 -9999 -9999 -9999 -9999 -9999 -9999 -9999 -9999 -9999 -9999 -9999 -9999 -9999 -9999 -9999 -9999 -9999 -9999 -9999 -9999 614 613 611 608 606 604 602 601 600 598 597 596 595 594 593 592 592 592 592 592 593 594 595 597 599 601 602 604 608 611 614 618 625 631 639 646 651 656 659 662 664 665 667 668 669 669 668 666 663 661 659 658 657 657 657 655 652 646 642 639 636 634 633 631 630 628
-9999 -9999 -9999 -9999 -9999 -9999 -9999 -9999 -9999 -9999 -9999 -9999 -9999 -9999 -9999 -9999 -9999 -9999 -9999 -9999 -9999 -9999 -9999 -9999 -9999 -9999 -9999 613 611 608 606 604 602 600 599 598 597 596 594 593 593 593 593 592 591 589 588 588 589 591 593 594 596 599 601 603 605 607 610 616 623 632 638 645 650 654 656 657 659 661 663 666 668 669 669 668 666 664 663 663 664 663 660 655 650 645 642 640 638 637 635 633 631
-9999 -9999 -9999 -9999 -9999 -9999 -9999 -9999 -9999 -9999 -9999 -9999 -9999 -9999 -9999 -9999 -9999 -9999 -9999 -9999 -9999 -9999 -9999 -9999 -9999 -9999 -9999 613 610 607 605 602 600 598 596 595 594 593 593 593 592 592 592 591 589 587 586 586 586 586 588 591 594 596 598 599 601 602 605 609 614 620 629 638 645 648 649 651 653 655 658 661 664 668 670 671 671 670 669 670 669 665 662 658 653 649 647 644 643 641 639 637 635
-9999 -9999 -9999 -9999 -9999 -9999 -9999 -9999 -9999 -9999 -9999 -9999 -9999 -9999 -9999 -9999 -9999 -9999 -9999 -9999 -9999 -9999 -9999 -9999 -9999 -9999 614 612 609 606 604 602 600 597 594 591 591 591 591 591 591 590 589 587 586 585 585 585 585 585 585 588 591 594 596 597 598 600 602 604 607 613 620 630 635 638 641 643 646 649 652 655 659 664 667 670 674 677 676 675 672 667 664 661 657 653 651 649 647 645 643 641 639
-9999 -9999 -9999 -9999 -9999 -9999 -9999 -9999 -9999 -9999 -9999 -9999 -9999 -9999 -9999 -9999 -9999 -9999 -9999 -9999 -9999 -9999 -9999 -9999 -9999 -9999 612 610 608 605 603 601 599 596 593 590 587 587 587 586 586 585 584 583 582 582 582 582 582 581 582 586 588 591 593 594 596 597 599 601 603 607 612 618 623 627 631 634 638 641 645 650 654 657 662 666 669 674 678 680 676 670 667 664 661 658 656 654 652 649 646 643 641
-9999 -9999 -9999 -9999 -9999 -9999 -9999 -9999 -9999 -9999 -9999 -9999 -9999 -9999 -9999 -9999 -9999 -9999 -9999 -9999 -9999 -9999 -9999 -9999 -9999 -9999 609 607 606 604 601 599 598 595 592 589 586 584 583 581 580 579 579 578 578 578 579 579 578 578 580 584 586 588 589 591 593 595 597 599 601 603 606 610 614 618 621 624 630 635 640 644 648 651 654 658 662 669 680 685 681 676 671 668 665 662 660 658 656 653 650 648 646
-9999 -9999 -9999 -9999 -9999 -9999 -9999 -9999 -9999 -9999 -9999 -9999 -9999 -9999 -9999 -9999 -9999 -9999 -9999 -9999 -9999 -9999 -9999 -9999 -9999 -9999 605 604 602 600 598 597 594 592 589 587 584 583 582 579 576 575 573 573 574 575 575 576 575 576 578 580 582 584 586 588 590 593 595 597 598 600 602 604 608 613 617 622 625 629 633 637 641 645 648 652 661 671 681 689 687 682 676 673 669 667 665 663 660 658 656 653 650
-9999 -9999 -9999 -9999 -9999 -9999 -9999 -9999 -9999 -9999 -9999 -9999 -9999 -9999 -9999 -9999 -9999 -9999 -9999 -9999 -9999 -9999 -9999 -9999 -9999 -9999 602 599 597 596 594 592 590 588 586 583 581 580 578 576 575 573 570 569 570 570 571 571 571 572 575 577 579 581 583 585 587 589 592 594 596 598 599 600 603 605 608 611 614 617 621 626 632 637 643 652 661 672 682 691 697 693 687 683 680 676 672 670 668 666 663 661 658
-9999 -9999 -9999 -9999 -9999 -9999 -9999 -9999 -9999 -9999 -9999 -9999 -9999 -9999 -9999 -9999 -9999 -9999 -9999 -9999 -9999 -9999 -9999 -9999 -9999 -9999 598 596 593 590 589 588 586 584 582 580 578 576 573 572 572 570 568 566 566 567 568 568 567 569 571 573 575 577 579 582 584 586 588 590 592 594 595 597 598 600 602 603 605 608 612 618 625 632 641 653 664 675 684 694 703 702 698 694 690 685 680 676 674 672 670 667 664
-9999 -9999 -9999 -9999 -9999 -9999 -9999 -9999 -9999 -9999 -9999 -9999 -9999 -9999 -9999 -9999 -9999 -9999 -9999 -9999 -9999 -9999 -9999 -9999 -9999 -9999 593 591 588 586 584 583 582 580 578 576 574 572 570 568 567 566 566 565 564 564 565 565 565 566 568 570 572 574 576 577 579 581 583 585 587 587 589 592 594 596 598 599 601 604 607 613 621 631 642 654 664 676 684 691 696 702 704 702 697 694 689 684 680 677 675 673 670
-9999 -9999 -9999 -9999 -9999 -9999 -9999 -9999 -9999 -9999 -9999 -9999 -9999 -9999 -9999 -9999 -9999 -9999 -9999 -9999 -9999 -9999 -9999 -9999 -9999 -9999 587 585 584 582 580 578 577 576 575 573 571 569 567 564 563 563 562 561 561 562 562 562 563 564 565 567 568 570 571 573 575 577 578 580 581 583 584 586 588 591 593 596 599 601 605 610 618 629 640 652 661 670 675 682 690 698 699 698 697 696 695 694 688 685 680 677 674
-9999 -9999 -9999 -9999 -9999 -9999 -9999 -9999 -9999 -9999 -9999 -9999 -9999 -9999 -9999 -9999 -9999 -9999 -9999 -9999 -9999 -9999 -9999 -9999 -9999 -9999 582 581 580 578 576 574 573 571 571 570 568 566 564 561 560 559 558 559 559 560 560 560 560 561 562 564 565 566 567 569 571 573 575 576 577 578 580 582 584 586 589 593 596 599 602 607 616 625 636 646 657 667 675 683 692 694 694 693 692 691 689 687 684 681 677 674 670
-9999 -9999 -9999 -9999 -9999 -9999 -9999 -9999 -9999 -9999 -9999 -9999 -9999 -9999 -9999 -9999 -9999 -9999 -9999 -9999 -9999 -9999 -9999 -9999 -9999 -9999 578 576 575 574 572 570 569 568 567 565 564 562 560 557 555 557 557 558 558 559 559 559 558 558 559 561 562 563 565 567 569 570 572 573 575 576 577 578 581 584 587 590 593 596 601 606 614 624 635 646 656 668 676 684 688 690 689 688 687 686 684 681 678 676 672 669 666
-9999 -9999 -9999 -9999 -9999 -9999 -9999 -9999 -9999 -9999 -9999 -9999 -9999 -9999 -9999 -9999 -9999 -9999 -9999 -9999 -9999 -9999 -9999 -9999 -9999 -9999 574 571 569 569 568 566 565 564 563 562 559 557 555 552 552 557 558 558 558 558 558 558 558 556 556 557 558 560 562 564 566 568 570 571 573 574 576 578 579 582 585 587 590 594 597 603 610 620 631 644 655 665 672 679 684 686 685 683 682 680 678 676 674 672 669 665 662
-9999 -9999 -9999 -9999 -9999 -9999 -9999 -9999 -9999 -9999 -9999 -9999 -9999 -9999 -9999 -9999 -9999 -9999 -9999 -9999 -9999 -9999 -9999 -9999 -9999 -9999 569 565 563 563 562 561 560 558 557 556 554 551 549 546 549 554 557 557 557 557 557 557 555 554 553 554 556 557 559 561 565 568 569 570 571 573 575 576 578 579 582 584 587 590 595 602 609 618 630 641 651 659 666 673 679 682 680 678 677 676 674 672 670 668 665 661 658
-9999 -9999 -9999 -9999 -9999 -9999 -9999 -9999 -9999 -9999 -9999 -9999 -9999 -9999 -9999 -9999 -9999 -9999 -9999 -9999 -9999 -9999 -9999 -9999 -9999 -9999 560 557 556 555 555 553 551 551 551 549 547 544 541 538 544 548 552 555 555 555 554 553 552 552 551 551 553 555 558 561 566 569 570 571 572 572 574 575 576 577 579 582 585 589 594 600 608 617 626 635 645 655 665 672 678 679 677 675 673 672 670 669 666 664 660 657 653
-9999 -9999 -9999 -9999 -9999 -9999 -9999 -9999 -9999 -9999 -9999 -9999 -9999 -9999 -9999 -9999 -9999 -9999 -9999 -9999 -9999 -9999 -9999 -9999 -9999 -9999 553 549 548 547 546 544 542 543 542 541 539 536 532 531 539 547 550 550 550 550 550 549 549 549 548 547 550 553 556 559 565 568 569 570 571 571 572 572 574 576 578 581 584 587 594 601 609 617 626 636 649 659 665 670 676 677 676 673 670 668 666 664 662 659 656 652 648
-9999 -9999 -9999 -9999 -9999 -9999 -9999 -9999 -9999 -9999 -9999 -9999 -9999 -9999 -9999 -9999 -9999 -9999 -9999 -9999 -9999 -9999 -9999 -9999 -9999 -9999 544 541 539 538 536 534 531 531 533 532 530 527 524 526 536 543 544 543 543 543 543 543 543 543 541 543 548 552 555 558 561 565 567 568 569 570 570 570 570 572 575 578 582 586 593 603 614 625 633 639 650 657 665 669 674 676 675 671 668 666 663 661 658 655 651 648 643
-9999 -9999 -9999 -9999 -9999 -9999 -9999 -9999 -9999 -9999 -9999 -9999 -9999 -9999 -9999 -9999 -9999 -9999 -9999 -9999 -9999 -9999 -9999 -9999 -9999 -9999 537 535 531 528 526 524 522 521 521 521 521 519 517 519 529 535 534 531 530 531 533 534 535 534 536 543 549 553 554 556 558 560 562 565 567 568 568 567 568 569 572 576 581 587 594 605 616 628 636 643 651 658 661 664 667 670 671 670 668 665 661 658 655 652 647 643 639
