Analogs_temp/Normal_1961_1990Y/MSP.asc
NCOLS 1283 
NROWS 1518 
XLLCORNER -113.981666666 
YLLCORNER 48.334166667 
CELLSIZE 0.000277777777864382 
NODATA_value -9999
[rows 0 to 18 of 19, columns 279 to 371 of 1283]
565 565 565 565 566 566 566 567 567 567 568 567 566 565 564 562 558 555 551 548 545 542 541 539 537 536 534 533 533 532 532 531 531 531 530 530 530 530 531 532 533 534 534 534 535 535 535 533 530 527 526 523 521 520 518 514 511 508 506 503 501 497 494 492 490 489 487 485 483 480 477 474 471 468 465 462 460 456 453 451 449 447 446 444 442 441 440 439 438 438 437 436 435
554 555 556 556 556 557 557 557 558 558 558 557 556 555 553 551 549 546 543 540 537 535 533 531 530 529 528 527 526 525 524 524 524 524 525 525 525 526 528 528 529 529 530 530 530 530 530 530 529 528 527 525 523 522 520 518 515 512 509 507 505 502 499 496 493 491 489 487 485 483 480 477 475 472 468 465 463 461 458 454 451 448 445 443 441 440 439 439 438 437 436 436 435
543 545 546 546 547 547 547 547 547 547 547 546 546 545 544 543 541 538 535 533 531 529 527 526 524 523 522 521 520 520 520 520 520 520 521 521 522 524 525 525 525 525 525 526 526 526 525 526 526 526 525 524 523 524 523 521 519 516 513 511 509 506 503 500 497 494 492 490 488 485 483 480 478 476 472 469 466 463 461 459 455 452 449 445 442 440 439 438 438 437 436 435 435
534 535 535 536 537 537 538 539 539 538 538 538 538 537 536 535 533 531 529 527 525 524 522 521 519 518 517 517 516 516 516 516 516 517 518 519 520 520 521 521 522 522 522 523 523 522 522 523 523 523 523 523 524 525 526 526 523 520 517 515 513 511 508 505 502 499 496 493 491 488 485 483 480 478 476 473 469 466 464 462 459 455 452 448 445 443 441 439 438 437 436 435 434
526 526 527 527 527 528 528 528 528 528 529 529 528 528 527 526 525 524 522 521 519 518 516 515 513 512 512 512 511 511 512 512 512 514 515 516 516 516 517 517 518 518 519 519 519 519 519 519 519 519 520 521 522 524 525 527 527 525 522 519 516 514 512 510 507 504 501 497 494 491 488 485 483 481 479 477 474 470 467 464 462 459 455 450 447 445 443 441 439 438 437 436 435
518 518 518 518 519 519 520 520 520 520 520 519 518 518 517 517 517 516 516 515 513 512 510 509 507 506 506 505 505 505 505 506 507 508 510 511 512 512 513 513 514 515 516 517 517 516 515 515 516 516 517 518 519 521 524 526 527 527 526 523 520 518 515 513 511 509 505 502 498 495 492 489 486 484 482 480 477 474 471 468 465 462 458 454 450 448 445 443 440 439 438 437 437
509 509 510 510 510 511 511 511 512 511 511 510 509 508 508 508 508 508 507 506 505 504 503 502 501 500 499 498 498 498 499 499 501 503 505 506 507 508 508 509 511 512 513 514 514 514 513 513 513 514 514 515 516 518 520 523 524 526 527 526 524 520 518 516 514 512 510 507 503 500 496 493 490 488 485 483 480 478 475 472 469 465 461 458 455 451 448 445 442 440 440 439 438
501 501 501 502 502 502 502 502 502 502 502 501 501 500 500 500 499 499 498 497 497 496 495 494 493 491 491 490 490 490 491 492 493 496 498 499 501 502 503 505 507 508 509 510 510 511 511 511 511 512 512 513 514 515 516 519 521 523 524 524 524 522 520 518 517 515 513 511 509 505 501 498 495 492 489 486 484 481 479 476 473 469 466 463 459 456 452 449 447 444 442 441 440
492 492 492 492 493 493 493 493 493 492 492 491 490 490 490 490 489 488 488 487 486 485 484 483 482 481 481 481 481 482 483 484 485 487 489 491 493 495 497 499 502 504 505 506 507 508 508 509 509 509 509 510 511 512 514 516 518 519 520 521 521 521 520 519 518 516 514 512 511 509 506 502 498 496 493 490 487 484 482 480 477 475 471 467 463 460 458 455 451 448 446 444 443
484 484 484 484 484 484 483 483 483 482 481 481 480 480 479 479 478 477 477 476 475 475 474 474 473 473 472 473 473 474 475 476 478 479 481 483 485 488 490 493 496 498 500 502 504 505 506 507 507 507 506 506 508 510 511 513 515 516 517 518 519 519 519 518 517 516 514 513 512 511 509 506 502 499 496 493 490 488 485 483 481 478 476 473 468 465 462 459 456 453 451 449 448
476 476 476 475 475 475 475 475 474 474 473 473 472 472 471 471 470 470 469 469 468 467 467 466 465 465 464 464 465 466 468 469 471 473 474 477 479 481 484 486 488 491 493 495 497 499 500 502 502 502 502 503 505 507 508 510 511 512 514 515 516 516 517 517 517 515 514 514 513 512 511 509 506 503 500 497 494 491 489 487 484 481 479 477 474 470 466 463 460 458 455 454 452
470 470 470 470 470 469 469 469 468 468 467 467 466 466 465 465 464 464 463 462 462 461 460 459 459 458 458 458 458 459 460 462 464 466 468 470 472 475 477 479 481 483 485 487 490 492 494 495 497 497 498 499 501 503 504 506 507 508 509 511 512 513 513 514 515 514 514 514 513 513 512 511 509 508 506 503 499 496 493 491 488 485 482 480 478 475 472 468 465 463 460 458 457
465 464 464 464 464 464 463 463 463 463 462 462 461 461 460 459 459 458 458 457 456 455 455 454 454 453 453 453 453 454 455 456 458 460 462 464 466 468 470 472 474 476 478 480 482 484 486 488 490 491 492 494 496 498 500 502 503 504 505 506 507 508 510 511 512 512 512 513 513 513 513 513 512 512 511 509 506 502 499 497 494 491 488 485 482 480 478 475 473 469 466 464 463
460 459 459 459 459 459 459 458 458 458 458 457 457 456 456 455 454 454 453 452 451 451 450 450 449 449 448 448 448 449 450 451 453 454 456 458 460 462 464 466 467 469 471 473 474 476 478 480 483 485 487 489 491 493 496 497 499 500 501 502 504 505 506 508 509 510 511 512 512 513 513 514 514 515 515 515 514 511 508 505 502 500 496 492 489 485 482 480 478 476 474 472 470
456 456 455 455 455 455 454 454 454 454 453 453 453 452 451 451 450 450 449 448 448 447 447 446 446 445 445 444 444 445 446 447 448 449 451 453 455 457 458 460 461 463 465 466 468 469 471 473 475 478 480 482 485 487 490 492 494 495 497 499 501 502 504 505 507 508 509 510 512 512 513 514 515 516 517 518 519 518 517 515 512 508 505 503 499 495 491 488 484 482 480 479 477
452 452 452 452 451 451 451 451 451 451 450 449 448 448 447 447 446 446 445 445 444 443 443 443 443 442 442 442 442 442 442 443 444 445 446 447 449 451 453 454 456 457 459 460 461 463 464 466 468 471 473 476 479 481 484 486 489 491 493 495 498 499 501 503 505 506 508 509 511 512 513 514 516 518 519 521 522 523 523 523 522 520 518 514 510 506 502 498 495 492 490 487 485
449 449 449 449 449 449 449 449 449 448 447 445 444 444 444 444 443 443 442 442 441 441 440 440 440 440 440 439 439 439 439 440 440 441 442 443 444 445 446 448 450 451 453 454 456 457 458 460 462 464 466 469 471 474 477 479 482 485 488 491 493 496 498 500 502 505 506 508 510 511 513 515 517 519 521 523 524 526 527 527 527 527 526 525 523 519 515 511 507 503 499 497 494
447 447 447 447 447 447 447 447 447 447 446 445 444 442 441 441 441 441 440 439 438 438 438 437 437 437 437 437 437 437 437 437 437 438 438 439 440 441 442 443 444 445 447 449 450 452 454 455 457 459 461 463 465 468 471 473 476 479 483 486 489 492 494 497 499 503 505 507 509 511 512 514 517 519 521 524 526 528 530 530 531 532 532 532 532 531 530 526 521 517 513 510 507
445 445 445 445 445 445 445 445 445 445 444 444 443 442 441 440 440 439 439 438 437 435 435 435 435 435 435 435 434 434 434 434 434 435 435 436 436 437 438 439 440 441 442 444 445 447 449 450 452 454 456 458 460 462 465 468 471 474 478 481 484 487 490 493 496 500 503 505 507 509 511 514 516 518 521 524 527 530 532 533 534 536 538 540 542 542 542 542 540 538 530 524 521
