Analogs_temp/Normal_1961_1990Y/MSP.asc
NCOLS 1283 
NROWS 1518 
XLLCORNER -113.981666666 
YLLCORNER 48.334166667 
CELLSIZE 0.000277777777864382 
NODATA_value -9999
[rows 0 to 18 of 19, columns 930 to 1022 of 1283]
583 584 585 585 585 586 587 588 590 591 592 594 596 600 603 603 602 602 602 602 603 605 606 608 611 614 617 620 624 630 636 642 649 657 663 669 674 679 683 686 687 686 684 682 680 677 675 673 671 668 665 664 663 661 659 657 654 648 642 629 591 575 559 539 522 512 504 497 489 480 470 465 460 457 453 450 445 440 436 431 428 425 421 418 416 414 412 412 412 413 415 416 417
584 585 586 587 588 590 591 592 593 594 595 596 598 602 604 605 605 604 604 604 604 605 607 609 611 614 616 620 624 628 634 640 647 655 662 667 673 678 682 685 686 685 683 681 678 676 673 670 667 665 664 663 662 661 659 657 653 647 640 621 595 575 558 536 520 511 502 495 488 478 469 464 458 456 451 447 442 437 434 429 426 424 421 418 416 413 411 411 412 413 414 415 415
585 586 588 589 590 592 594 595 596 596 597 599 601 603 605 606 607 606 606 606 606 607 607 610 612 614 616 619 622 627 632 638 645 652 659 665 671 676 681 685 686 685 683 681 678 676 673 669 666 665 664 662 660 659 658 655 650 644 636 613 586 574 564 550 540 525 517 508 498 487 475 466 460 456 452 448 442 438 434 430 427 424 420 417 415 412 410 411 411 412 413 414 415
585 587 588 590 591 593 595 596 597 598 599 601 602 604 605 607 608 608 608 608 608 609 610 611 613 615 617 618 621 625 629 635 642 648 654 662 668 674 678 682 683 684 682 681 679 676 673 670 668 666 665 662 660 647 640 626 620 620 619 599 581 577 573 568 562 549 538 525 507 495 482 467 462 457 451 447 441 436 432 428 425 421 418 415 413 411 410 410 411 411 412 413 414
585 587 588 590 592 594 595 597 598 599 601 602 603 604 606 607 608 609 610 610 611 611 612 613 614 616 617 618 620 624 628 632 639 645 650 657 663 669 674 678 680 681 681 681 679 677 674 671 669 667 667 664 662 661 656 638 622 613 606 599 595 594 590 584 579 571 560 537 513 498 485 472 462 455 449 444 437 433 428 424 421 419 416 413 412 410 409 409 410 410 411 412 413
585 587 589 591 592 594 595 597 598 600 601 603 604 605 606 608 609 610 611 612 612 613 614 615 615 616 617 618 619 622 626 630 635 641 646 652 658 664 669 675 678 680 681 681 680 678 676 673 671 670 669 667 666 665 663 661 649 631 625 614 611 608 606 603 601 597 586 566 517 507 496 480 466 457 451 445 438 432 428 424 421 416 413 412 411 409 409 409 409 410 410 411 412
585 586 589 591 593 594 595 597 599 601 603 604 605 607 608 609 610 612 613 614 614 615 616 616 617 617 618 618 619 620 623 627 632 637 643 648 652 658 664 669 673 677 680 681 680 679 677 675 674 672 671 670 668 667 666 665 664 652 637 634 633 629 624 619 614 608 603 595 579 539 508 489 469 457 451 446 438 432 428 425 421 416 412 411 410 409 408 408 408 409 410 410 411
587 588 591 593 595 596 597 598 600 604 605 606 606 607 609 610 612 614 615 616 616 617 618 619 619 619 619 619 619 620 621 624 629 634 639 644 648 652 657 663 668 672 675 677 677 677 676 675 675 674 673 671 670 668 667 667 666 662 656 654 651 646 642 632 624 620 615 603 593 560 536 513 471 458 452 446 438 432 428 425 421 416 412 410 409 408 407 407 408 408 409 409 410
592 593 594 596 598 599 600 602 605 607 608 608 608 608 609 612 616 618 618 618 618 619 620 621 621 621 620 620 620 621 621 622 626 631 634 639 644 648 652 655 660 665 669 672 674 674 675 674 675 674 673 671 669 668 667 666 665 665 662 656 652 648 644 641 636 630 627 608 593 579 551 525 494 463 453 446 439 432 428 424 420 416 412 410 408 407 407 407 407 407 408 409 409
597 596 597 599 600 602 604 606 609 610 612 613 613 615 616 617 619 621 621 621 621 621 621 622 623 623 622 622 622 621 622 623 626 629 632 635 638 643 647 651 654 658 661 665 668 670 671 671 672 671 670 668 666 666 666 665 664 661 657 653 649 644 641 638 636 633 631 623 609 598 582 548 526 470 455 449 441 434 429 424 420 416 412 409 408 407 406 406 406 407 407 408 408
600 600 601 602 603 604 606 609 611 613 616 619 620 620 621 621 621 622 623 624 623 623 623 623 625 625 625 625 624 623 623 623 625 628 630 632 635 637 641 645 649 652 655 658 660 662 663 664 664 664 664 663 663 662 661 660 658 655 652 648 644 641 638 635 633 630 628 622 614 601 588 568 543 535 479 453 445 437 430 425 421 417 412 408 407 406 406 405 405 406 406 407 407
604 604 604 605 606 606 608 610 612 615 618 620 622 622 623 624 624 625 626 626 627 627 627 627 628 628 628 627 627 626 625 625 626 628 630 632 634 635 636 639 644 648 651 653 656 657 659 660 660 660 660 660 658 657 655 652 651 649 647 644 640 638 635 633 630 628 625 622 618 610 599 580 561 543 534 500 458 443 434 428 423 418 414 410 408 407 406 405 405 405 406 406 407
607 607 608 608 609 609 610 611 613 616 618 621 622 624 625 626 627 628 629 630 630 631 631 631 632 632 632 632 631 630 629 629 629 631 632 634 635 636 637 639 641 645 648 650 652 654 656 657 657 657 656 656 655 653 651 648 646 644 642 640 637 635 633 631 628 626 624 622 619 610 599 584 576 569 553 532 477 451 440 431 425 418 415 412 409 407 406 405 404 404 405 405 406
609 610 611 611 612 612 613 614 616 617 618 620 622 624 625 627 629 631 632 633 633 634 634 634 635 636 636 635 634 633 633 633 633 634 635 637 638 640 641 643 645 648 651 653 654 655 657 657 657 655 654 653 652 650 647 644 642 640 639 636 634 632 630 629 627 625 623 621 618 612 609 606 600 590 557 530 491 459 444 434 427 421 417 415 412 408 405 404 403 404 404 404 405
612 613 614 614 615 616 617 618 619 619 620 621 622 624 626 629 630 632 634 635 636 637 637 638 638 639 639 638 637 636 636 636 637 638 638 639 642 644 646 649 651 652 655 657 658 658 659 659 659 658 657 656 654 651 645 644 643 642 639 635 632 631 629 627 626 624 622 620 617 614 611 608 603 594 563 531 495 462 448 440 434 430 425 419 414 407 404 402 403 403 403 404 404
615 616 617 618 619 619 620 621 622 622 623 623 624 625 627 630 631 633 635 637 638 639 640 641 641 642 643 643 642 641 639 640 640 642 644 646 648 650 652 655 657 659 661 662 663 663 664 664 664 662 661 660 658 656 653 649 647 645 642 639 636 634 631 628 626 624 621 620 617 614 612 609 603 594 568 532 501 465 452 445 439 431 425 420 415 408 404 402 402 402 403 403 404
618 619 620 621 622 622 623 624 624 625 626 626 627 628 629 631 632 633 635 637 639 640 642 644 645 646 647 647 648 649 647 647 647 648 650 652 654 656 659 661 663 665 667 669 669 670 670 670 669 667 666 664 663 662 660 658 655 651 648 645 641 639 637 636 634 631 627 624 620 615 612 610 602 590 557 530 500 468 455 447 440 435 429 424 418 413 406 402 401 402 402 403 403
621 622 623 623 624 625 626 626 627 628 628 629 630 631 632 633 634 635 636 637 639 642 644 646 648 649 651 652 652 654 654 654 654 655 657 659 661 663 665 668 670 672 674 676 677 678 679 679 676 673 671 670 669 668 667 665 663 658 656 652 650 648 646 644 642 639 636 632 623 618 612 608 601 585 564 542 519 477 458 452 444 437 430 424 418 413 407 403 401 401 401 402 403
623 624 625 626 626 627 628 629 629 630 631 632 633 634 635 636 637 637 637 638 640 644 646 648 650 652 653 655 657 658 660 660 661 662 663 665 667 670 672 674 677 679 681 683 684 685 685 685 684 682 680 678 676 675 674 673 672 670 668 666 664 662 659 658 655 651 647 641 627 621 615 610 600 577 565 549 532 501 465 454 441 435 428 422 416 411 408 404 402 401 401 401 402
