Analogs_temp/Normal_1961_1990Y/MSP.asc
NCOLS 1283 
NROWS 1518 
XLLCORNER -113.981666666 
YLLCORNER 48.334166667 
CELLSIZE 0.000277777777864382 
NODATA_value -9999
[rows 0 to 18 of 19, columns 465 to 557 of 1283]
404 404 403 403 402 402 402 402 401 401 401 400 398 397 395 393 391 389 387 385 383 381 379 377 374 371 369 367 365 364 362 361 359 357 356 355 353 352 351 350 349 347 345 343 342 341 339 338 336 336 335 334 334 333 333 332 332 332 331 331 331 331 330 330 330 330 329 329 329 329 329 329 329 329 329 329 329 329 329 329 329 329 329 330 331 331 332 333 333 334 334 334 335
409 408 408 408 407 407 407 407 407 407 406 404 403 401 399 398 396 394 392 390 389 386 383 380 377 374 372 370 368 366 365 363 362 360 358 357 355 354 352 351 350 348 347 345 343 342 340 338 336 335 335 334 334 333 333 332 332 332 331 331 330 330 330 330 329 329 329 329 329 329 329 328 328 328 328 328 328 328 327 327 327 327 327 328 329 329 330 330 331 332 332 333 333
414 414 414 414 413 413 412 412 412 412 411 409 406 403 401 400 399 397 395 393 391 389 386 383 380 377 375 373 370 368 367 365 364 362 360 359 357 355 354 352 351 349 348 346 344 342 340 338 336 335 334 334 333 333 333 332 332 331 331 330 330 330 329 329 329 329 328 328 328 328 328 328 328 328 327 327 327 327 327 326 326 326 326 326 327 327 327 327 328 329 329 330 331
420 420 421 421 420 420 418 417 415 414 412 410 408 406 404 403 401 399 397 395 392 390 388 386 383 380 378 376 374 371 369 368 366 364 362 360 359 357 355 354 352 350 348 346 344 342 341 339 337 335 334 334 333 333 332 332 332 331 331 330 330 329 329 329 329 328 328 328 328 327 327 327 327 327 327 327 326 326 326 325 325 325 325 325 325 325 325 325 325 326 326 327 327
426 426 426 425 424 423 421 419 417 416 414 412 411 410 408 405 403 401 398 396 394 392 390 388 385 382 380 378 376 374 372 369 368 366 364 362 360 358 356 355 353 350 348 346 344 342 340 339 337 336 335 334 333 333 332 332 331 331 330 330 330 329 329 329 328 328 327 327 327 327 327 327 326 326 326 326 326 325 325 325 324 324 324 324 324 324 324 324 324 324 324 324 325
431 431 430 429 428 426 424 422 420 418 416 415 414 412 411 408 404 402 399 397 395 392 390 388 386 383 381 379 376 375 373 371 369 367 366 363 361 359 357 355 353 350 348 345 344 342 340 339 338 337 336 335 334 333 332 332 331 331 330 330 329 329 328 328 327 327 327 327 327 326 326 326 326 326 326 325 325 325 325 324 324 324 323 323 323 323 323 323 323 323 323 323 323
435 434 433 432 431 429 427 424 423 421 419 418 416 413 411 409 405 401 399 397 395 393 390 388 385 383 380 378 376 374 372 371 369 368 367 364 362 359 357 355 353 351 348 346 345 344 342 341 340 338 337 336 334 333 332 332 332 331 331 330 329 328 328 327 327 326 326 326 326 326 326 326 326 326 325 325 325 324 324 324 324 323 323 323 322 322 322 322 323 322 322 322 322
440 438 436 434 434 433 431 428 426 424 422 418 416 412 409 406 402 400 398 396 394 392 390 387 385 382 380 378 375 373 372 370 368 367 366 365 362 360 359 357 354 353 351 349 348 347 346 344 342 340 338 337 336 334 333 332 332 331 331 330 330 328 327 326 326 326 326 326 326 326 326 326 326 325 325 325 325 324 324 323 323 322 322 322 321 321 322 322 322 322 322 321 322
441 439 437 436 434 433 431 429 426 424 421 417 413 408 406 402 400 398 396 394 392 391 389 387 385 382 379 377 375 374 372 369 366 365 364 363 362 361 359 358 356 354 353 352 351 349 347 345 343 342 339 338 338 337 335 334 333 332 331 331 330 329 328 327 326 326 326 326 326 326 325 326 326 325 325 325 325 324 324 323 322 322 321 321 320 321 321 321 321 321 321 321 321
441 439 437 435 432 430 429 425 423 421 417 414 411 407 404 401 399 396 393 392 391 389 388 386 384 381 379 377 375 373 371 369 367 365 363 361 360 360 359 358 356 354 353 352 351 350 348 346 345 344 344 342 341 339 337 336 335 333 333 332 331 330 329 328 327 327 327 327 326 326 326 326 326 325 325 325 324 324 324 323 322 321 321 320 320 320 320 320 320 320 320 320 320
443 441 438 436 434 431 429 426 423 421 417 414 410 407 404 401 399 395 393 392 390 387 385 384 382 380 377 375 373 371 369 367 365 363 362 360 358 357 356 355 354 353 352 351 350 349 348 349 349 349 347 346 345 343 340 338 337 336 335 333 332 331 329 329 328 328 328 328 328 328 327 327 326 326 325 325 324 324 323 323 322 321 321 320 320 320 319 319 319 319 319 319 319
446 443 440 438 436 433 431 428 425 423 419 416 413 409 406 402 399 397 395 393 391 387 385 383 380 377 375 373 371 369 367 365 363 362 360 358 357 355 354 352 351 350 350 349 349 348 350 351 351 351 351 350 348 346 344 342 340 338 336 334 332 331 330 330 329 329 329 329 329 329 330 329 328 327 326 325 324 324 323 323 322 322 321 321 320 320 320 319 319 319 319 319 319
448 445 443 440 438 436 432 429 426 423 420 417 413 410 408 405 403 400 398 395 392 389 386 383 379 377 374 371 369 367 365 363 361 359 358 357 355 353 352 350 349 348 348 347 347 348 349 350 350 350 351 351 350 348 346 345 344 341 337 335 333 333 332 331 331 330 330 330 330 331 331 331 330 328 327 326 325 324 323 323 323 322 322 321 321 321 320 320 320 319 319 319 319
450 447 444 442 440 437 433 430 427 423 421 418 415 413 410 408 405 402 399 396 393 389 386 383 380 377 373 370 368 365 362 360 358 356 355 354 352 351 350 349 348 347 346 346 346 346 346 346 347 347 347 348 347 346 345 344 343 341 337 336 335 335 334 334 333 333 332 332 332 332 332 331 330 329 328 327 326 325 324 323 323 323 322 322 321 321 321 320 320 319 319 319 319
451 448 445 443 440 438 435 432 429 426 423 420 417 414 411 409 406 403 400 396 393 389 386 382 379 376 373 370 367 364 361 358 356 354 353 351 350 349 348 347 346 346 345 344 344 343 343 343 343 343 343 343 343 342 342 341 340 338 337 336 336 336 336 336 335 335 334 334 334 333 333 332 331 330 329 328 327 326 325 324 324 323 323 322 322 321 321 321 320 320 319 319 318
451 449 446 444 442 440 437 434 431 428 424 421 418 415 412 409 406 403 399 396 392 388 384 381 377 374 371 368 366 363 360 357 355 353 351 348 348 347 347 346 345 345 344 343 343 342 341 341 341 340 340 340 340 340 339 338 338 337 337 338 338 338 338 338 337 337 336 336 335 335 334 333 332 331 330 329 328 327 326 325 325 324 323 323 322 322 321 321 320 320 319 319 318
453 450 448 446 444 441 437 435 432 429 426 422 419 416 413 409 406 402 398 394 390 386 383 379 376 372 369 367 364 362 359 357 355 353 351 350 349 347 347 347 346 345 345 345 344 344 344 344 343 342 341 341 340 340 340 340 340 340 340 340 340 340 340 340 339 339 338 337 337 336 335 334 333 332 331 330 329 328 327 326 326 325 324 324 323 322 322 321 321 320 320 319 318
454 452 449 446 443 441 438 436 433 430 427 423 419 416 412 409 405 401 397 393 388 384 381 377 374 371 368 366 364 361 359 357 356 355 354 352 351 350 349 349 349 348 347 347 348 348 348 347 346 345 344 344 343 343 343 343 343 343 343 343 343 342 342 342 341 341 340 339 338 337 336 335 334 333 332 331 330 329 328 328 327 326 325 325 324 323 322 322 321 321 320 319 318
455 452 449 446 444 441 437 435 432 429 426 422 418 414 411 408 405 400 395 390 386 382 379 376 373 370 367 365 363 361 360 359 358 356 355 354 354 353 352 352 352 351 351 351 351 351 351 350 349 348 347 347 347 346 346 346 346 346 345 345 345 344 344 344 343 343 342 341 340 339 338 337 336 335 333 332 332 331 330 329 328 327 326 325 325 324 323 322 322 321 320 320 319
