Analogs_temp/Normal_1961_1990Y/PAS.asc
NCOLS 1283 
NROWS 1518 
XLLCORNER -113.981666666 
YLLCORNER 48.334166667 
CELLSIZE 0.000277777777864382 
NODATA_value -9999
[rows 0 to 18 of 19, columns 435 to 521 of 1283]
613 607 607 611 610 607 605 604 603 602 601 600 599 597 596 593 591 591 592 593 594 594 594 595 595 595 594 594 593 592 591 590 588 585 584 583 582 581 580 579 577 574 569 564 558 550 542 535 527 520 515 508 499 491 482 472 464 457 452 446 441 435 429 424 419 414 409 405 401 397 392 387 380 374 370 365 360 354 349 347 344 342 340 338 336 335 333
615 610 612 615 615 613 610 610 612 609 607 607 608 607 606 605 604 604 604 605 606 607 607 608 608 608 608 608 608 608 607 606 605 603 601 600 600 599 599 599 596 590 584 577 572 566 560 553 546 540 534 524 514 504 492 482 474 467 460 454 449 444 438 432 426 421 415 411 406 402 397 392 386 379 373 368 362 355 349 346 344 342 340 338 336 335 333
620 619 620 621 621 620 619 619 618 617 616 616 617 617 616 615 615 615 617 618 620 621 622 622 623 624 625 626 626 627 627 626 626 625 623 621 619 618 617 617 615 607 595 586 580 575 570 564 557 550 543 534 524 514 504 493 485 477 470 463 457 452 446 440 434 428 422 416 411 406 401 396 390 383 376 370 364 357 350 345 343 341 339 338 336 335 333
629 630 629 629 628 628 627 627 627 626 626 626 626 627 627 628 628 630 631 633 634 636 637 639 640 642 643 645 647 648 649 649 649 649 648 645 641 634 629 625 619 610 603 596 590 585 578 571 563 555 548 540 532 523 514 504 496 488 481 474 466 460 454 447 441 435 428 422 416 411 405 398 392 385 378 371 365 358 351 346 342 341 339 338 336 335 333
641 640 639 637 636 636 636 635 635 635 635 635 636 638 639 640 642 644 646 648 650 652 653 654 656 659 662 665 668 669 669 669 669 666 663 658 651 642 636 631 626 618 613 609 603 594 585 577 568 560 552 545 538 531 521 512 504 496 489 482 475 467 461 455 448 441 434 427 421 414 407 399 392 385 378 371 365 359 354 348 344 341 340 338 336 335 333
653 653 653 652 652 653 653 654 654 653 652 652 653 653 654 656 657 659 661 663 666 669 669 669 671 674 679 683 686 687 687 686 682 679 675 669 661 653 646 640 634 629 624 619 613 603 591 581 572 563 556 548 540 533 524 515 507 499 491 485 478 471 465 460 454 446 438 430 423 416 408 400 390 382 378 372 364 359 356 353 348 345 341 339 337 335 333
667 667 668 668 669 670 671 672 673 672 672 671 671 671 672 673 674 676 678 679 680 682 684 686 687 689 692 698 701 702 702 699 695 690 687 681 672 663 657 651 645 639 631 623 615 607 592 580 572 564 558 549 540 532 524 515 506 498 490 482 476 471 466 461 457 449 440 431 425 418 410 402 393 385 381 378 372 366 362 358 353 349 344 339 337 335 334
682 682 683 683 683 684 687 689 690 690 689 689 689 689 689 691 693 695 696 695 695 695 698 701 703 705 707 709 712 718 719 714 706 700 696 693 688 677 668 662 653 641 632 619 608 597 583 575 568 561 554 547 538 531 522 513 504 496 488 481 475 470 462 459 456 450 441 434 429 422 414 408 403 397 391 388 384 378 370 364 358 352 348 343 339 337 335
700 700 700 700 701 705 708 710 709 708 708 709 712 712 709 709 710 711 711 711 711 711 711 714 717 721 722 722 724 726 724 717 710 704 698 694 688 678 670 663 652 638 624 606 596 585 576 568 561 554 549 543 537 530 521 511 502 495 488 482 476 467 457 451 448 445 441 436 432 428 421 413 409 406 402 395 388 383 376 370 362 358 356 352 347 343 339
724 725 725 724 728 736 737 737 738 735 733 736 741 735 732 734 736 734 734 734 734 734 733 733 735 736 736 736 735 732 723 715 710 704 692 685 680 667 658 652 638 628 615 603 591 580 572 561 552 548 543 538 533 528 519 509 501 493 486 480 473 465 458 452 446 440 435 433 430 426 421 415 410 407 404 398 391 385 382 380 376 372 367 361 355 350 345
758 760 759 761 767 768 766 765 766 765 764 765 765 762 761 762 764 764 765 765 763 760 756 754 755 754 751 748 745 741 733 723 715 707 697 690 681 670 661 652 638 627 613 603 591 580 572 561 552 548 541 532 525 519 512 504 496 489 482 475 468 461 453 447 442 434 427 424 422 418 414 409 406 403 400 395 394 396 396 394 390 386 381 374 365 358 353
791 792 789 790 793 796 796 795 794 797 801 800 796 792 790 791 792 792 791 789 786 781 776 776 776 775 773 768 761 753 744 733 722 714 706 697 689 679 668 658 645 635 622 611 599 585 575 567 559 552 544 532 524 516 505 496 490 482 475 468 461 454 448 441 435 430 424 419 414 409 404 401 399 397 395 394 398 401 404 404 403 398 392 384 377 372 366
825 822 819 822 828 832 830 830 831 832 835 837 832 827 824 822 820 818 816 812 808 803 799 796 792 789 785 780 774 765 752 741 731 723 715 705 694 683 671 659 648 637 625 614 605 596 587 579 568 558 549 537 526 516 505 495 484 474 467 460 452 446 440 433 428 424 419 413 408 402 398 395 393 391 391 393 397 398 400 401 403 403 398 392 385 381 378
852 851 853 859 866 868 867 864 866 871 873 871 868 863 857 850 845 842 838 834 829 821 815 809 804 799 793 787 780 772 759 746 736 728 721 711 698 685 674 661 651 641 631 622 614 607 596 584 574 563 553 540 528 516 505 495 482 472 463 453 444 438 430 423 418 414 410 406 402 397 394 391 388 386 386 386 388 388 389 390 391 391 390 386 381 378 375
877 881 888 894 897 897 895 893 895 898 897 895 892 890 884 875 867 861 855 849 841 833 825 820 814 807 801 793 784 774 763 751 740 732 723 713 703 692 682 670 660 649 639 629 619 608 598 587 577 564 552 540 527 515 503 492 481 471 460 450 441 431 421 416 411 405 401 399 396 392 389 386 384 382 380 378 376 376 376 376 377 377 376 374 372 370 366
907 915 919 919 917 915 915 917 918 920 915 912 910 905 900 893 885 876 869 861 853 844 837 829 821 813 805 797 787 774 764 756 745 738 731 721 712 700 690 678 666 654 643 632 621 610 600 588 576 563 550 536 523 510 498 487 476 466 457 447 438 428 419 413 405 397 394 392 390 388 385 383 381 378 376 374 372 371 369 368 368 368 367 366 363 360 357
940 944 940 937 935 934 934 935 936 935 933 930 925 919 912 905 896 888 879 871 861 852 842 832 823 816 808 801 792 780 770 761 753 746 739 725 713 704 694 684 671 658 646 635 624 612 601 586 572 558 544 531 517 505 493 481 469 461 453 444 435 427 419 413 408 403 398 394 393 391 389 386 384 383 383 382 381 379 378 374 371 369 368 367 367 367 367
967 962 958 954 950 949 949 950 951 949 949 945 937 929 922 913 905 896 888 878 866 855 844 832 824 818 812 805 797 786 776 767 757 746 736 726 717 707 696 687 675 660 647 635 623 610 597 582 567 552 538 523 511 499 487 476 466 458 451 443 434 428 423 420 416 409 405 403 401 400 398 396 393 393 395 395 394 391 388 384 381 379 378 378 377 377 377
983 979 973 969 966 964 962 962 960 959 957 951 946 937 928 919 911 902 892 882 868 856 847 837 829 822 815 806 798 788 777 768 757 747 738 726 714 705 694 684 672 657 644 630 619 608 596 577 560 543 529 516 505 495 483 473 464 457 449 443 439 435 430 426 421 416 415 414 411 409 408 408 407 407 406 406 405 402 399 395 392 391 390 389 388 387 386
