Analogs_temp/Normal_1961_1990Y/PAS.asc
NCOLS 1283 
NROWS 1518 
XLLCORNER -113.981666666 
YLLCORNER 48.334166667 
CELLSIZE 0.000277777777864382 
NODATA_value -9999
[rows 0 to 18 of 19, columns 174 to 260 of 1283]
1330 1346 1365 1387 1410 1433 1452 1466 1476 1472 1464 1452 1436 1423 1412 1400 1389 1377 1364 1351 1337 1324 1305 1294 1287 1276 1265 1258 1252 1247 1242 1233 1222 1212 1203 1194 1185 1179 1173 1165 1157 1149 1146 1145 1145 1145 1145 1145 1146 1146 1147 1147 1147 1146 1144 1141 1140 1140 1138 1135 1132 1128 1125 1123 1121 1120 1119 1118 1115 1112 1108 1108 1110 1112 1116 1119 1122 1125 1129 1134 1141 1148 1155 1160 1166 1172 1177
1358 1377 1406 1431 1454 1476 1491 1501 1507 1504 1496 1482 1462 1448 1440 1431 1421 1407 1394 1382 1368 1354 1340 1323 1303 1291 1273 1265 1261 1256 1252 1246 1239 1230 1221 1213 1205 1198 1191 1183 1173 1163 1155 1148 1145 1144 1143 1143 1142 1141 1141 1142 1142 1142 1141 1137 1133 1131 1128 1126 1123 1122 1120 1118 1117 1116 1114 1112 1109 1104 1100 1098 1097 1098 1100 1102 1104 1107 1110 1115 1119 1124 1129 1135 1139 1144 1149
1388 1416 1442 1465 1488 1508 1528 1550 1560 1547 1533 1516 1492 1473 1466 1461 1447 1430 1417 1406 1393 1378 1366 1355 1339 1322 1306 1288 1271 1265 1261 1257 1251 1244 1236 1228 1220 1214 1207 1198 1188 1178 1169 1160 1152 1145 1144 1142 1138 1134 1128 1126 1128 1128 1127 1125 1124 1122 1120 1119 1117 1115 1114 1112 1110 1106 1102 1099 1094 1091 1089 1087 1085 1083 1084 1086 1088 1091 1093 1097 1100 1103 1106 1109 1113 1118 1122
1415 1448 1471 1496 1522 1547 1569 1586 1594 1582 1555 1531 1519 1506 1491 1477 1460 1445 1434 1424 1415 1399 1383 1373 1364 1353 1339 1324 1310 1296 1279 1272 1265 1258 1250 1241 1233 1226 1219 1212 1203 1193 1184 1176 1167 1157 1148 1143 1139 1133 1123 1117 1116 1116 1115 1114 1113 1112 1110 1107 1104 1100 1096 1091 1087 1083 1081 1079 1077 1075 1073 1070 1068 1066 1066 1067 1070 1073 1075 1078 1082 1085 1088 1091 1093 1096 1099
1438 1465 1491 1517 1543 1568 1597 1620 1622 1595 1578 1559 1546 1533 1518 1500 1479 1461 1447 1435 1425 1415 1400 1388 1378 1371 1362 1352 1335 1325 1312 1299 1286 1274 1265 1256 1246 1237 1230 1222 1214 1206 1198 1190 1183 1176 1165 1155 1147 1141 1134 1128 1122 1117 1113 1107 1101 1094 1089 1085 1081 1076 1071 1067 1064 1061 1059 1056 1054 1052 1050 1049 1047 1045 1045 1046 1048 1051 1054 1058 1062 1066 1069 1073 1075 1078 1081
1462 1484 1521 1553 1572 1596 1623 1630 1623 1611 1592 1583 1569 1562 1547 1528 1495 1468 1451 1439 1431 1422 1412 1402 1392 1384 1373 1358 1348 1340 1332 1321 1303 1290 1279 1269 1258 1248 1240 1232 1224 1216 1209 1201 1195 1188 1181 1174 1163 1154 1145 1138 1132 1126 1120 1114 1103 1094 1082 1070 1057 1050 1045 1040 1037 1034 1031 1028 1026 1025 1024 1023 1022 1023 1025 1028 1030 1032 1034 1036 1039 1042 1045 1048 1052 1054 1056
1496 1518 1552 1584 1609 1627 1623 1614 1601 1587 1574 1563 1555 1547 1538 1518 1490 1473 1457 1443 1435 1428 1421 1413 1403 1395 1387 1375 1363 1353 1342 1329 1316 1303 1290 1279 1267 1258 1250 1241 1233 1225 1218 1211 1203 1197 1190 1184 1176 1166 1156 1147 1139 1132 1127 1124 1112 1088 1074 1061 1047 1033 1016 1007 1006 1004 1000 997 995 994 994 995 996 996 997 998 1001 1004 1006 1009 1011 1013 1016 1018 1019 1021 1023
1532 1545 1568 1597 1613 1611 1599 1587 1576 1563 1554 1545 1537 1529 1517 1501 1488 1477 1464 1449 1440 1434 1425 1418 1410 1403 1395 1387 1378 1368 1357 1344 1330 1317 1305 1293 1280 1268 1258 1250 1241 1233 1225 1217 1210 1203 1195 1188 1182 1174 1161 1152 1141 1127 1120 1103 1078 1062 1047 1031 1017 1004 993 980 971 970 970 969 968 968 968 970 972 974 975 977 978 979 980 982 983 985 986 987 990 993 996
1579 1586 1587 1600 1595 1588 1577 1564 1554 1546 1538 1528 1518 1508 1497 1488 1479 1470 1462 1452 1446 1438 1426 1420 1416 1409 1399 1392 1388 1383 1371 1358 1346 1333 1322 1310 1296 1281 1267 1255 1244 1237 1226 1215 1208 1199 1191 1182 1175 1164 1153 1141 1122 1104 1082 1062 1045 1029 1012 997 987 976 964 952 942 939 940 941 942 943 945 942 943 947 949 950 952 953 955 957 959 960 961 961 962 963 965
1627 1625 1615 1605 1595 1581 1565 1553 1540 1531 1522 1511 1502 1493 1483 1474 1466 1456 1449 1441 1434 1426 1417 1412 1407 1398 1390 1386 1380 1371 1361 1354 1344 1330 1320 1306 1290 1267 1249 1238 1228 1218 1211 1203 1192 1185 1176 1163 1151 1139 1120 1098 1080 1065 1044 1025 1006 990 977 966 955 945 935 926 917 913 913 914 915 917 919 921 922 923 923 924 926 927 928 929 930 931 931 931 932 933 934
1649 1633 1623 1610 1599 1587 1570 1555 1537 1526 1513 1503 1496 1486 1475 1468 1457 1445 1439 1433 1419 1411 1405 1397 1391 1381 1363 1354 1346 1339 1330 1318 1307 1291 1272 1254 1239 1228 1218 1208 1198 1188 1180 1172 1164 1154 1143 1133 1121 1099 1079 1061 1037 1017 998 977 964 954 942 929 921 913 906 898 890 887 887 888 890 891 892 893 894 896 898 899 901 903 905 907 909 909 910 909 909 910 912
1640 1628 1616 1603 1592 1580 1570 1559 1541 1529 1517 1509 1499 1487 1480 1471 1458 1452 1446 1433 1422 1415 1401 1387 1370 1354 1340 1331 1321 1307 1292 1274 1256 1243 1231 1222 1213 1199 1186 1174 1165 1157 1150 1143 1137 1129 1118 1100 1076 1054 1031 1008 993 978 960 947 932 921 912 903 895 886 875 868 865 864 864 865 867 870 871 871 872 874 875 877 878 879 880 881 882 884 885 887 888 889 890
1631 1619 1606 1593 1583 1570 1560 1549 1537 1528 1514 1504 1496 1483 1475 1467 1453 1444 1438 1428 1417 1411 1398 1382 1358 1343 1325 1304 1287 1267 1258 1240 1231 1214 1204 1192 1179 1165 1154 1146 1140 1134 1127 1119 1109 1095 1074 1053 1034 1014 997 982 965 948 934 922 914 902 889 874 863 848 832 829 828 837 838 844 845 844 842 842 844 849 856 859 861 861 862 863 864 865 866 867 869 870 871
1623 1611 1598 1588 1578 1568 1558 1547 1537 1526 1513 1504 1495 1482 1474 1466 1455 1446 1438 1427 1417 1409 1399 1388 1373 1359 1344 1329 1302 1281 1269 1254 1241 1225 1205 1181 1165 1151 1138 1126 1119 1105 1095 1084 1073 1063 1051 1037 1022 1007 990 975 957 944 930 919 910 900 881 863 846 831 831 830 829 829 828 828 827 827 826 825 825 824 826 834 839 842 844 845 846 847 848 849 850 851 852
1617 1606 1595 1587 1578 1570 1561 1551 1542 1532 1521 1510 1501 1490 1481 1472 1462 1453 1444 1434 1425 1415 1406 1396 1385 1373 1361 1345 1324 1298 1282 1268 1252 1237 1215 1196 1180 1163 1145 1127 1109 1091 1073 1063 1057 1051 1041 1031 1021 1012 998 987 968 952 938 925 912 899 880 861 840 831 830 830 829 828 828 827 827 826 826 825 825 824 824 824 823 823 822 823 826 831 832 831 824 820 819
1614 1604 1595 1587 1579 1573 1565 1556 1547 1539 1529 1518 1508 1498 1489 1480 1470 1461 1452 1442 1432 1423 1414 1404 1394 1383 1370 1355 1335 1308 1288 1272 1256 1240 1222 1206 1188 1170 1151 1128 1106 1085 1067 1054 1046 1039 1031 1023 1014 1004 994 985 973 959 946 930 914 895 875 855 834 830 830 829 828 828 827 826 826 825 825 824 823 823 822 822 822 821 821 821 820 820 819 819 818 818 817
1612 1604 1595 1588 1580 1573 1566 1558 1550 1543 1537 1526 1515 1506 1497 1488 1478 1469 1459 1450 1440 1431 1422 1412 1402 1392 1380 1366 1348 1320 1295 1279 1261 1242 1224 1205 1188 1170 1148 1120 1098 1076 1056 1041 1033 1025 1020 1015 1006 993 982 975 963 954 944 929 909 887 868 848 831 830 830 829 828 828 827 826 826 825 825 824 823 823 822 821 821 820 820 819 819 818 817 817 816 816 815
1612 1604 1597 1589 1580 1572 1565 1559 1552 1546 1539 1531 1520 1512 1504 1494 1484 1476 1467 1457 1449 1439 1429 1419 1409 1399 1388 1372 1351 1328 1303 1285 1266 1248 1229 1209 1185 1162 1134 1110 1089 1071 1042 1027 1015 1011 1006 1000 992 983 970 958 948 938 928 915 896 876 859 839 831 831 830 830 829 828 828 827 826 826 825 824 824 823 822 822 821 820 820 819 818 818 817 816 816 815 814
1612 1605 1598 1589 1580 1572 1565 1560 1553 1546 1539 1531 1523 1515 1507 1498 1489 1481 1473 1464 1455 1447 1436 1424 1414 1405 1394 1380 1358 1335 1310 1287 1267 1250 1231 1206 1177 1150 1122 1100 1078 1053 1032 1018 1005 995 987 980 973 965 955 944 933 922 909 895 879 861 846 834 832 831 831 830 829 829 828 827 827 826 826 825 824 824 823 822 822 821 820 819 819 818 817 817 816 816 815
