Analogs_temp/Normal_1961_1990Y/PAS.asc
NCOLS 1283 
NROWS 1518 
XLLCORNER -113.981666666 
YLLCORNER 48.334166667 
CELLSIZE 0.000277777777864382 
NODATA_value -9999
[rows 0 to 18 of 19, columns 1044 to 1130 of 1283]
989 994 1001 1009 1018 1027 1034 1040 1048 1057 1065 1073 1085 1096 1111 1122 1132 1144 1149 1158 1168 1181 1192 1204 1209 1221 1237 1244 1256 1266 1272 1277 1290 1295 1300 1309 1320 1336 1357 1376 1392 1407 1419 1429 1445 1446 1450 1455 1460 1468 1474 1476 1477 1477 1476 1477 1479 1481 1483 1486 1486 1487 1487 1490 1493 1498 1502 1505 1506 1507 1508 1509 1511 1512 1513 1514 1515 1517 1519 1521 1523 1525 1529 1554 1570 1583 1598
989 994 1001 1010 1020 1028 1036 1043 1052 1060 1068 1077 1087 1100 1113 1126 1141 1154 1171 1184 1194 1204 1213 1223 1232 1231 1230 1237 1248 1258 1263 1267 1279 1295 1305 1317 1332 1348 1367 1386 1399 1414 1423 1433 1444 1448 1450 1453 1459 1467 1475 1477 1476 1476 1477 1479 1487 1497 1503 1506 1506 1505 1504 1505 1506 1508 1509 1509 1509 1509 1509 1510 1511 1512 1513 1515 1515 1518 1523 1526 1527 1529 1539 1558 1574 1586 1612
988 993 1000 1009 1019 1028 1036 1045 1053 1062 1070 1080 1090 1102 1115 1128 1141 1157 1174 1194 1209 1218 1227 1237 1244 1247 1249 1250 1251 1253 1262 1273 1286 1299 1309 1321 1335 1349 1367 1386 1398 1411 1420 1427 1432 1438 1443 1450 1460 1469 1478 1479 1480 1480 1480 1484 1495 1506 1509 1508 1509 1509 1510 1510 1510 1511 1512 1512 1511 1511 1510 1510 1509 1508 1508 1507 1506 1516 1530 1533 1537 1544 1556 1573 1585 1768 1848
987 992 998 1008 1019 1028 1035 1045 1054 1062 1072 1082 1092 1103 1115 1128 1141 1157 1174 1195 1211 1222 1232 1241 1248 1257 1265 1270 1269 1261 1265 1275 1289 1300 1310 1323 1335 1348 1364 1382 1394 1396 1399 1415 1416 1420 1443 1452 1457 1464 1473 1479 1481 1481 1482 1483 1485 1490 1494 1497 1497 1498 1500 1504 1508 1510 1511 1512 1512 1510 1511 1509 1509 1507 1505 1502 1505 1525 1541 1549 1560 1570 1586 1608 1637 1663 1795
986 991 995 1005 1016 1023 1031 1043 1053 1062 1072 1083 1093 1103 1114 1127 1140 1156 1174 1196 1212 1223 1234 1244 1252 1262 1269 1272 1270 1269 1275 1281 1290 1297 1307 1322 1334 1344 1356 1368 1375 1374 1388 1401 1414 1426 1435 1443 1448 1454 1459 1465 1472 1476 1479 1481 1482 1482 1483 1483 1482 1481 1481 1488 1495 1498 1501 1502 1503 1504 1503 1500 1497 1495 1497 1502 1511 1532 1550 1570 1580 1598 1612 1623 1632 1654 1743
986 991 999 1006 1015 1024 1032 1043 1053 1062 1073 1083 1093 1103 1113 1126 1140 1155 1173 1195 1212 1222 1234 1244 1256 1266 1271 1274 1274 1275 1279 1285 1290 1294 1298 1315 1328 1331 1337 1347 1352 1364 1389 1400 1411 1418 1422 1427 1431 1436 1440 1445 1450 1454 1458 1462 1464 1466 1466 1467 1468 1469 1471 1476 1479 1482 1483 1484 1483 1482 1481 1479 1479 1486 1498 1506 1518 1535 1552 1568 1583 1596 1611 1637 1675 1768 1831
985 991 998 1008 1019 1028 1036 1045 1055 1064 1073 1083 1093 1102 1112 1125 1139 1154 1170 1188 1204 1219 1233 1245 1259 1270 1275 1280 1284 1286 1285 1289 1296 1301 1304 1311 1320 1323 1327 1332 1353 1370 1386 1395 1399 1403 1406 1409 1412 1414 1416 1418 1425 1433 1438 1441 1443 1445 1447 1448 1451 1458 1462 1466 1469 1471 1472 1473 1473 1474 1473 1476 1483 1492 1502 1512 1525 1541 1554 1565 1577 1600 1631 1657 1673 1720 1815
984 990 998 1009 1020 1029 1037 1046 1055 1064 1073 1083 1092 1102 1111 1124 1138 1153 1167 1185 1210 1223 1238 1250 1264 1273 1280 1286 1295 1302 1301 1294 1301 1304 1308 1312 1318 1326 1333 1343 1358 1367 1372 1378 1383 1386 1389 1390 1391 1391 1392 1400 1408 1414 1418 1419 1421 1423 1424 1430 1441 1449 1455 1458 1460 1462 1463 1464 1466 1469 1474 1480 1489 1497 1508 1520 1534 1547 1558 1567 1573 1591 1622 1654 1713 1874 1862
983 989 997 1008 1019 1027 1035 1044 1054 1063 1073 1083 1092 1101 1111 1123 1137 1151 1166 1187 1211 1224 1236 1251 1266 1275 1283 1291 1299 1304 1305 1302 1302 1306 1309 1312 1318 1325 1331 1338 1345 1352 1356 1359 1362 1364 1367 1368 1369 1368 1372 1382 1390 1395 1398 1399 1401 1405 1411 1421 1428 1435 1442 1447 1451 1453 1454 1455 1458 1465 1473 1480 1489 1502 1514 1531 1550 1560 1568 1574 1589 1625 1688 1746 1775 1818 1950
981 987 995 1005 1013 1020 1031 1043 1052 1062 1072 1082 1091 1101 1111 1123 1136 1150 1165 1186 1211 1223 1235 1249 1265 1276 1285 1294 1301 1305 1306 1305 1305 1306 1309 1312 1315 1319 1324 1328 1332 1336 1340 1343 1345 1347 1349 1351 1353 1353 1356 1359 1362 1366 1370 1376 1383 1391 1398 1405 1413 1420 1427 1433 1437 1440 1442 1445 1451 1458 1468 1478 1493 1510 1525 1544 1562 1579 1588 1600 1610 1635 1670 1775 1993 2006 2024
980 987 994 1003 1014 1023 1032 1044 1054 1062 1072 1081 1091 1100 1110 1122 1135 1149 1166 1186 1210 1223 1235 1249 1264 1276 1286 1296 1304 1307 1308 1308 1307 1308 1309 1310 1312 1314 1316 1318 1320 1324 1327 1329 1331 1332 1333 1334 1339 1344 1345 1347 1349 1352 1354 1360 1367 1373 1380 1388 1397 1404 1411 1420 1426 1427 1430 1439 1451 1460 1475 1504 1528 1537 1552 1564 1580 1593 1606 1622 1644 1667 1673 1727 1988 2074 2147
979 985 994 1003 1014 1024 1034 1044 1054 1062 1071 1080 1089 1099 1110 1122 1135 1150 1167 1187 1209 1223 1235 1249 1263 1276 1287 1298 1306 1310 1315 1320 1320 1318 1317 1317 1317 1318 1318 1319 1320 1320 1321 1322 1324 1326 1328 1331 1335 1336 1336 1336 1339 1342 1346 1350 1354 1357 1361 1366 1379 1389 1394 1406 1416 1428 1437 1451 1463 1472 1483 1501 1529 1545 1562 1582 1595 1602 1611 1625 1650 1806 1891 1925 2023 2058 2126
978 984 992 1002 1013 1023 1033 1044 1053 1062 1070 1079 1088 1098 1109 1121 1135 1150 1167 1187 1207 1221 1235 1248 1262 1275 1287 1299 1308 1315 1326 1336 1337 1333 1330 1328 1326 1325 1324 1324 1324 1325 1325 1325 1326 1327 1328 1329 1330 1331 1332 1332 1337 1344 1349 1353 1356 1359 1362 1370 1380 1389 1397 1407 1420 1431 1443 1455 1466 1477 1489 1511 1532 1548 1565 1586 1599 1609 1620 1674 1812 1946 2081 2146 2131 2156 2195
978 985 992 1002 1012 1020 1031 1042 1050 1060 1069 1077 1086 1097 1107 1119 1134 1150 1168 1187 1205 1219 1232 1245 1261 1275 1288 1300 1309 1319 1331 1340 1345 1344 1340 1337 1334 1333 1331 1330 1330 1330 1331 1331 1332 1332 1333 1333 1334 1334 1335 1337 1344 1353 1357 1360 1363 1366 1370 1378 1387 1396 1405 1415 1425 1436 1447 1459 1471 1482 1491 1510 1529 1552 1569 1590 1609 1620 1710 1858 1990 2082 2133 2147 2160 2174 2195
976 984 993 1003 1014 1023 1032 1042 1052 1060 1070 1080 1088 1097 1107 1118 1133 1149 1170 1187 1203 1217 1229 1242 1259 1275 1287 1299 1311 1323 1334 1344 1353 1361 1358 1353 1347 1343 1340 1338 1337 1337 1338 1340 1342 1344 1346 1348 1350 1353 1357 1360 1364 1368 1372 1377 1383 1391 1398 1403 1406 1411 1420 1426 1436 1449 1459 1473 1490 1502 1516 1533 1554 1576 1595 1623 1787 1898 2033 2052 2067 2088 2113 2130 2142 2155 2171
975 981 991 1004 1015 1023 1032 1041 1051 1060 1070 1080 1089 1098 1109 1120 1133 1147 1164 1181 1198 1213 1226 1241 1256 1273 1286 1298 1310 1323 1336 1347 1359 1370 1377 1375 1371 1368 1367 1364 1360 1358 1360 1364 1367 1370 1372 1375 1379 1385 1391 1396 1401 1406 1411 1414 1419 1431 1440 1445 1450 1453 1455 1460 1475 1483 1498 1524 1537 1549 1563 1581 1609 1664 1893 1897 2002 2007 2025 2049 2069 2086 2099 2110 2123 2135 2149
975 983 992 1003 1014 1020 1028 1039 1047 1058 1070 1078 1088 1099 1107 1118 1135 1148 1162 1180 1196 1212 1224 1238 1252 1268 1282 1297 1309 1323 1337 1349 1360 1369 1379 1393 1401 1398 1401 1407 1404 1393 1391 1394 1400 1408 1413 1419 1429 1439 1449 1459 1469 1475 1479 1484 1496 1509 1527 1535 1546 1546 1545 1548 1548 1549 1549 1555 1571 1829 1849 1858 1904 1924 1942 1962 1983 2004 2022 2039 2056 2072 2085 2094 2105 2117 2130
974 983 992 1001 1009 1014 1024 1039 1050 1058 1072 1082 1091 1103 1110 1123 1137 1151 1166 1182 1198 1213 1225 1238 1253 1269 1284 1296 1310 1324 1340 1351 1361 1370 1381 1395 1407 1417 1422 1428 1436 1439 1441 1437 1453 1448 1444 1467 1493 1559 1566 1604 1617 1628 1644 1662 1681 1697 1712 1724 1736 1748 1758 1768 1778 1788 1798 1813 1827 1847 1870 1892 1913 1931 1950 1967 1982 1997 2011 2023 2035 2047 2060 2072 2084 2098 2113
972 981 990 1000 1010 1020 1028 1039 1050 1060 1071 1082 1094 1107 1118 1129 1141 1149 1168 1179 1198 1213 1226 1240 1254 1270 1284 1297 1311 1327 1342 1352 1362 1371 1383 1398 1410 1421 1432 1441 1454 1465 1471 1485 1490 1492 1503 1553 1598 1602 1610 1619 1634 1649 1663 1681 1697 1715 1732 1745 1759 1771 1783 1794 1804 1816 1828 1841 1855 1869 1886 1904 1922 1935 1946 1957 1967 1976 1986 1997 2011 2024 2036 2049 2064 2080 2098
