Analogs_temp/Normal_1961_1990Y/PAS.asc
NCOLS 1283 
NROWS 1518 
XLLCORNER -113.981666666 
YLLCORNER 48.334166667 
CELLSIZE 0.000277777777864382 
NODATA_value -9999
[rows 0 to 18 of 19, columns 0 to 86 of 1283]
-9999 -9999 -9999 -9999 -9999 -9999 -9999 -9999 -9999 -9999 -9999 -9999 -9999 -9999 -9999 -9999 -9999 -9999 -9999 -9999 -9999 -9999 -9999 -9999 -9999 -9999 -9999 1419 1416 1410 1403 1397 1391 1384 1380 1377 1373 1369 1365 1362 1359 1357 1353 1353 1353 1354 1356 1359 1363 1366 1372 1379 1386 1391 1398 1410 1420 1429 1444 1467 1486 1512 1534 1551 1566 1578 1587 1594 1600 1605 1609 1613 1612 1610 1604 1596 1588 1582 1577 1576 1577 1577 1571 1561 1542 1529 1518
-9999 -9999 -9999 -9999 -9999 -9999 -9999 -9999 -9999 -9999 -9999 -9999 -9999 -9999 -9999 -9999 -9999 -9999 -9999 -9999 -9999 -9999 -9999 -9999 -9999 -9999 -9999 1419 1410 1402 1395 1389 1383 1378 1376 1373 1369 1365 1361 1358 1357 1356 1356 1356 1351 1345 1344 1344 1347 1353 1360 1366 1372 1380 1388 1394 1400 1407 1418 1436 1461 1488 1508 1532 1550 1562 1569 1573 1580 1587 1594 1602 1609 1614 1614 1611 1605 1600 1597 1597 1598 1595 1586 1571 1555 1540 1530
-9999 -9999 -9999 -9999 -9999 -9999 -9999 -9999 -9999 -9999 -9999 -9999 -9999 -9999 -9999 -9999 -9999 -9999 -9999 -9999 -9999 -9999 -9999 -9999 -9999 -9999 -9999 1416 1408 1400 1393 1385 1378 1371 1366 1363 1360 1357 1356 1356 1356 1355 1354 1351 1347 1341 1338 1338 1337 1337 1346 1355 1365 1372 1378 1383 1388 1392 1401 1416 1431 1452 1480 1511 1532 1542 1547 1553 1560 1569 1578 1587 1599 1610 1618 1620 1620 1618 1616 1618 1615 1605 1594 1581 1564 1553 1544
-9999 -9999 -9999 -9999 -9999 -9999 -9999 -9999 -9999 -9999 -9999 -9999 -9999 -9999 -9999 -9999 -9999 -9999 -9999 -9999 -9999 -9999 -9999 -9999 -9999 -9999 1421 1414 1405 1397 1390 1383 1376 1370 1359 1351 1350 1351 1352 1352 1351 1349 1345 1340 1336 1333 1333 1334 1335 1334 1335 1346 1357 1365 1371 1375 1380 1385 1392 1398 1409 1428 1453 1485 1501 1511 1520 1529 1537 1547 1557 1569 1582 1597 1610 1620 1631 1641 1640 1638 1625 1610 1602 1591 1578 1567 1559
-9999 -9999 -9999 -9999 -9999 -9999 -9999 -9999 -9999 -9999 -9999 -9999 -9999 -9999 -9999 -9999 -9999 -9999 -9999 -9999 -9999 -9999 -9999 -9999 -9999 -9999 1416 1409 1402 1395 1388 1381 1375 1367 1356 1347 1339 1339 1338 1337 1335 1332 1329 1327 1325 1324 1325 1327 1327 1324 1328 1339 1348 1356 1362 1368 1373 1378 1383 1390 1397 1411 1426 1445 1464 1475 1488 1501 1512 1521 1536 1552 1565 1577 1591 1605 1616 1631 1647 1654 1642 1621 1611 1601 1592 1584 1575
-9999 -9999 -9999 -9999 -9999 -9999 -9999 -9999 -9999 -9999 -9999 -9999 -9999 -9999 -9999 -9999 -9999 -9999 -9999 -9999 -9999 -9999 -9999 -9999 -9999 -9999 1406 1400 1395 1389 1382 1376 1372 1363 1353 1345 1336 1329 1325 1320 1318 1316 1313 1312 1311 1313 1314 1315 1314 1314 1321 1332 1340 1346 1352 1358 1364 1371 1377 1383 1391 1398 1408 1422 1436 1448 1458 1469 1487 1505 1521 1534 1547 1558 1569 1580 1594 1618 1654 1671 1657 1641 1626 1615 1607 1598 1589
-9999 -9999 -9999 -9999 -9999 -9999 -9999 -9999 -9999 -9999 -9999 -9999 -9999 -9999 -9999 -9999 -9999 -9999 -9999 -9999 -9999 -9999 -9999 -9999 -9999 -9999 1395 1390 1385 1379 1373 1368 1361 1353 1344 1337 1330 1326 1322 1314 1306 1301 1297 1297 1298 1302 1304 1306 1305 1306 1314 1321 1328 1335 1342 1349 1356 1363 1371 1377 1383 1389 1396 1402 1416 1433 1445 1462 1471 1485 1497 1511 1525 1537 1548 1561 1591 1626 1658 1685 1679 1661 1643 1632 1621 1613 1607
-9999 -9999 -9999 -9999 -9999 -9999 -9999 -9999 -9999 -9999 -9999 -9999 -9999 -9999 -9999 -9999 -9999 -9999 -9999 -9999 -9999 -9999 -9999 -9999 -9999 -9999 1384 1376 1370 1367 1361 1355 1348 1341 1334 1327 1320 1316 1311 1305 1302 1297 1288 1283 1286 1289 1291 1292 1292 1296 1304 1311 1318 1325 1333 1340 1347 1354 1361 1369 1376 1381 1386 1391 1398 1406 1417 1427 1437 1448 1459 1477 1497 1513 1532 1562 1592 1627 1660 1689 1709 1698 1678 1665 1655 1642 1629
-9999 -9999 -9999 -9999 -9999 -9999 -9999 -9999 -9999 -9999 -9999 -9999 -9999 -9999 -9999 -9999 -9999 -9999 -9999 -9999 -9999 -9999 -9999 -9999 -9999 -9999 1371 1364 1355 1348 1345 1341 1335 1328 1323 1318 1310 1303 1296 1294 1291 1287 1281 1276 1274 1278 1281 1281 1279 1286 1293 1300 1307 1314 1321 1329 1336 1343 1350 1357 1365 1371 1374 1380 1385 1391 1396 1402 1407 1417 1431 1451 1474 1496 1527 1565 1602 1638 1668 1700 1730 1729 1717 1703 1688 1672 1655
-9999 -9999 -9999 -9999 -9999 -9999 -9999 -9999 -9999 -9999 -9999 -9999 -9999 -9999 -9999 -9999 -9999 -9999 -9999 -9999 -9999 -9999 -9999 -9999 -9999 -9999 1357 1349 1341 1334 1329 1325 1321 1315 1310 1305 1299 1293 1287 1281 1277 1275 1273 1270 1268 1270 1272 1272 1273 1278 1285 1291 1297 1303 1309 1315 1322 1329 1336 1342 1347 1349 1356 1364 1372 1380 1385 1390 1397 1404 1416 1436 1463 1495 1530 1569 1603 1641 1670 1692 1708 1729 1734 1729 1712 1702 1686
-9999 -9999 -9999 -9999 -9999 -9999 -9999 -9999 -9999 -9999 -9999 -9999 -9999 -9999 -9999 -9999 -9999 -9999 -9999 -9999 -9999 -9999 -9999 -9999 -9999 -9999 1336 1332 1328 1321 1316 1310 1307 1304 1300 1296 1290 1282 1276 1269 1265 1263 1262 1260 1261 1262 1264 1265 1266 1270 1275 1281 1286 1291 1296 1302 1309 1315 1319 1325 1330 1335 1340 1347 1354 1362 1371 1380 1389 1398 1409 1427 1453 1489 1524 1564 1595 1623 1641 1662 1691 1715 1720 1717 1713 1709 1707
-9999 -9999 -9999 -9999 -9999 -9999 -9999 -9999 -9999 -9999 -9999 -9999 -9999 -9999 -9999 -9999 -9999 -9999 -9999 -9999 -9999 -9999 -9999 -9999 -9999 -9999 1322 1318 1316 1311 1304 1299 1293 1289 1288 1285 1279 1273 1267 1260 1254 1252 1251 1253 1255 1257 1257 1258 1258 1261 1266 1271 1275 1279 1283 1289 1297 1303 1308 1313 1316 1321 1327 1334 1340 1347 1357 1370 1380 1391 1402 1417 1445 1475 1511 1546 1580 1614 1641 1665 1698 1705 1704 1702 1699 1694 1688
-9999 -9999 -9999 -9999 -9999 -9999 -9999 -9999 -9999 -9999 -9999 -9999 -9999 -9999 -9999 -9999 -9999 -9999 -9999 -9999 -9999 -9999 -9999 -9999 -9999 -9999 1308 1303 1301 1298 1292 1286 1282 1278 1275 1272 1266 1260 1254 1247 1239 1245 1248 1250 1252 1253 1254 1254 1253 1252 1256 1261 1265 1270 1275 1282 1289 1295 1299 1304 1309 1314 1318 1323 1332 1341 1351 1361 1372 1383 1396 1415 1440 1474 1509 1544 1579 1617 1645 1671 1686 1690 1689 1686 1683 1677 1670
-9999 -9999 -9999 -9999 -9999 -9999 -9999 -9999 -9999 -9999 -9999 -9999 -9999 -9999 -9999 -9999 -9999 -9999 -9999 -9999 -9999 -9999 -9999 -9999 -9999 -9999 1298 1287 1282 1281 1277 1273 1269 1266 1264 1260 1253 1245 1239 1230 1229 1246 1249 1250 1251 1252 1252 1252 1251 1246 1246 1251 1255 1261 1267 1274 1281 1288 1293 1297 1303 1309 1315 1320 1327 1335 1344 1353 1363 1374 1386 1406 1429 1461 1498 1538 1576 1609 1632 1654 1673 1679 1674 1670 1666 1660 1654
-9999 -9999 -9999 -9999 -9999 -9999 -9999 -9999 -9999 -9999 -9999 -9999 -9999 -9999 -9999 -9999 -9999 -9999 -9999 -9999 -9999 -9999 -9999 -9999 -9999 -9999 1279 1267 1262 1262 1260 1257 1252 1249 1246 1242 1236 1228 1220 1210 1220 1237 1246 1248 1249 1250 1250 1248 1245 1240 1238 1241 1247 1253 1258 1264 1277 1287 1291 1294 1300 1307 1312 1317 1321 1327 1334 1344 1353 1364 1381 1401 1425 1455 1494 1531 1563 1590 1613 1637 1657 1667 1660 1654 1650 1645 1640
-9999 -9999 -9999 -9999 -9999 -9999 -9999 -9999 -9999 -9999 -9999 -9999 -9999 -9999 -9999 -9999 -9999 -9999 -9999 -9999 -9999 -9999 -9999 -9999 -9999 -9999 1251 1243 1240 1239 1236 1231 1226 1226 1226 1220 1214 1205 1194 1187 1205 1219 1233 1241 1242 1242 1241 1238 1235 1233 1230 1231 1238 1245 1254 1264 1280 1290 1294 1298 1301 1304 1308 1312 1316 1321 1328 1338 1348 1360 1376 1397 1422 1452 1482 1512 1544 1576 1610 1634 1653 1656 1650 1645 1639 1634 1628
-9999 -9999 -9999 -9999 -9999 -9999 -9999 -9999 -9999 -9999 -9999 -9999 -9999 -9999 -9999 -9999 -9999 -9999 -9999 -9999 -9999 -9999 -9999 -9999 -9999 -9999 1229 1219 1213 1212 1209 1203 1196 1199 1199 1195 1188 1178 1168 1165 1189 1217 1225 1226 1225 1226 1226 1226 1225 1225 1221 1218 1230 1238 1249 1260 1278 1289 1292 1296 1298 1301 1303 1305 1310 1317 1324 1333 1343 1354 1376 1401 1425 1454 1483 1516 1557 1590 1612 1628 1646 1652 1647 1639 1630 1622 1617
-9999 -9999 -9999 -9999 -9999 -9999 -9999 -9999 -9999 -9999 -9999 -9999 -9999 -9999 -9999 -9999 -9999 -9999 -9999 -9999 -9999 -9999 -9999 -9999 -9999 -9999 1203 1194 1186 1183 1179 1172 1163 1164 1168 1165 1160 1151 1142 1150 1180 1203 1206 1204 1203 1204 1205 1206 1206 1205 1201 1207 1224 1236 1246 1255 1265 1279 1287 1291 1294 1296 1298 1298 1299 1304 1316 1325 1337 1352 1375 1405 1444 1479 1505 1526 1562 1586 1611 1625 1640 1647 1645 1634 1623 1615 1607
-9999 -9999 -9999 -9999 -9999 -9999 -9999 -9999 -9999 -9999 -9999 -9999 -9999 -9999 -9999 -9999 -9999 -9999 -9999 -9999 -9999 -9999 -9999 -9999 -9999 -9999 1181 1174 1162 1152 1146 1140 1134 1132 1132 1132 1130 1126 1119 1126 1159 1178 1174 1166 1164 1168 1173 1177 1179 1179 1185 1209 1228 1239 1245 1250 1256 1262 1271 1279 1286 1289 1290 1289 1290 1295 1304 1320 1334 1355 1378 1414 1449 1489 1516 1538 1566 1589 1598 1608 1618 1628 1632 1631 1623 1613 1601
