Analogs_temp/Normal_1961_1990Y/SHM.asc
NCOLS 1283 
NROWS 1518 
XLLCORNER -113.981666666 
YLLCORNER 48.334166667 
CELLSIZE 0.000277777777864382 
NODATA_value -9999
[rows 0 to 18 of 19, columns 1116 to 1208 of 1283]
185 185 185 185 185 185 184 184 184 183 183 180 178 177 176 174 172 163 152 144 142 140 138 137 137 136 136 135 132 128 124 123 123 122 121 120 119 119 119 120 120 121 121 122 122 123 123 124 124 125 125 126 126 126 127 127 128 128 129 129 129 129 130 130 130 130 130 131 131 132 133 133 134 134 134 134 134 135 135 135 136 137 137 138 138 139 141 142 142 143 144 145 146
185 185 185 185 185 184 184 183 183 183 182 180 178 177 174 155 152 149 147 144 142 140 138 137 136 135 133 133 131 128 124 121 120 119 118 119 119 120 120 121 121 122 122 123 123 124 124 125 125 126 126 127 127 128 129 129 129 130 130 130 130 130 130 131 131 131 131 132 133 133 134 135 135 135 135 135 135 136 136 136 137 137 138 140 141 142 143 144 145 145 146 147 148
186 186 186 186 186 185 183 183 182 181 180 178 177 159 153 150 148 147 145 144 142 139 138 136 135 134 132 129 129 126 123 121 120 119 119 119 120 120 121 122 122 123 123 124 125 125 126 126 127 127 128 128 129 129 130 130 130 130 131 131 131 131 131 131 131 132 133 133 134 135 135 136 136 136 136 136 136 137 137 137 138 140 141 141 142 143 144 145 146 147 149 151 153
186 186 186 186 186 184 182 181 180 179 177 174 171 169 157 152 149 147 146 144 143 140 137 136 135 133 131 128 125 123 121 120 119 119 119 120 121 121 122 123 124 124 125 125 126 127 127 128 128 129 129 129 130 130 131 131 132 132 132 132 132 132 132 132 133 133 134 135 135 136 137 137 137 137 137 138 138 138 139 140 141 141 142 143 144 145 146 147 149 151 153 155 156
187 187 187 186 185 183 181 178 177 176 174 173 172 170 162 153 149 146 144 142 140 138 138 136 135 133 132 129 126 124 122 120 119 119 120 121 122 123 123 124 125 126 126 127 127 128 128 129 129 130 130 131 131 132 132 133 133 133 133 133 133 133 133 133 134 135 135 136 137 138 138 138 138 139 139 139 140 140 141 141 142 142 144 145 146 147 148 150 153 155 156 157 157
189 188 187 186 184 182 180 179 177 176 174 171 168 159 154 148 143 140 138 137 136 134 133 133 133 132 131 129 126 124 121 120 120 120 121 122 123 124 125 126 126 127 127 128 129 129 130 130 131 132 132 133 133 133 134 134 134 134 134 134 134 134 134 134 135 136 137 137 138 139 139 139 140 140 140 141 141 142 142 143 143 144 145 146 148 149 152 153 155 156 157 158 160
189 187 186 185 183 182 180 179 178 175 172 169 168 164 155 146 140 136 135 135 133 131 129 128 127 127 125 124 122 121 119 120 121 122 123 124 125 126 126 127 128 128 129 130 130 131 131 132 133 133 134 134 135 135 135 135 136 136 136 136 136 136 136 136 137 137 138 139 139 140 140 140 141 141 142 142 143 143 143 144 145 145 146 148 150 152 154 155 156 157 158 160 162
188 187 185 184 182 181 180 179 178 176 173 170 164 151 151 149 142 137 134 132 131 129 127 126 124 123 122 120 119 119 119 120 122 123 124 125 126 127 128 128 129 130 130 131 132 132 133 134 134 135 135 136 136 136 137 137 137 137 137 137 137 137 137 137 138 139 139 140 140 140 141 141 142 143 143 144 144 144 144 145 146 147 148 151 153 154 155 157 158 159 161 163 165
188 186 185 183 181 180 179 178 176 173 167 161 159 155 145 140 140 138 134 132 129 126 125 123 122 122 120 119 118 119 120 121 123 124 125 126 127 128 129 129 130 131 132 133 133 134 134 135 136 136 137 137 137 138 138 138 139 139 139 139 139 139 138 139 139 139 140 140 141 142 142 143 143 144 144 145 145 145 146 146 147 150 152 154 155 156 157 159 160 162 163 165 168
187 185 184 181 179 178 177 175 174 172 168 159 142 141 140 137 134 132 131 129 126 124 123 122 120 119 118 118 119 120 121 123 124 125 126 127 128 129 130 131 132 132 133 134 135 135 136 136 137 137 138 138 139 139 140 140 141 141 141 140 140 140 140 140 140 141 141 142 143 143 143 144 144 145 145 146 146 147 148 148 149 150 152 155 158 158 159 160 162 164 166 168 170
183 182 180 179 177 176 175 173 171 169 168 163 142 136 132 128 126 125 125 124 123 122 122 121 120 119 119 118 119 121 122 124 125 126 127 128 130 130 131 132 133 134 135 135 136 136 137 138 138 139 139 140 140 141 142 142 143 142 142 141 141 141 141 141 142 142 143 143 144 144 144 145 145 146 147 147 148 149 150 151 151 151 153 155 159 161 163 164 165 166 168 171 173
183 181 179 177 176 175 174 173 170 156 149 147 140 137 133 128 126 125 124 124 123 123 122 122 121 120 119 120 121 122 124 125 126 127 129 130 131 132 133 134 135 135 136 137 137 138 138 139 140 140 141 142 142 143 144 144 144 144 143 142 142 143 143 143 143 143 144 145 145 146 146 147 147 148 149 149 150 151 152 153 153 153 154 156 158 159 162 164 166 169 171 172 174
183 181 179 177 175 174 173 168 156 145 136 132 133 131 129 128 126 125 125 124 124 123 123 122 122 121 120 121 122 124 125 126 128 129 130 131 132 133 134 135 136 137 138 138 139 139 140 141 142 142 143 144 144 145 146 146 145 145 144 144 144 144 144 144 144 145 145 146 147 147 147 148 149 150 150 151 151 152 153 154 155 155 156 157 159 161 163 165 167 169 173 176 179
183 180 179 176 174 173 164 152 142 136 133 132 131 130 129 128 127 126 125 125 124 124 123 123 122 122 122 123 124 125 127 128 129 130 132 133 134 135 136 137 138 139 140 140 141 141 142 143 144 144 145 145 146 147 147 147 147 146 146 146 146 146 146 146 146 146 147 147 148 149 149 149 150 151 151 152 152 153 154 155 156 157 158 158 160 163 165 167 169 171 173 174 177
180 178 176 173 158 149 139 138 137 135 134 133 132 131 130 129 128 127 126 125 125 124 124 123 123 122 123 124 125 127 128 129 131 132 133 135 136 137 138 139 140 141 142 142 142 143 143 145 145 146 146 147 148 148 149 149 148 148 148 148 148 148 147 147 148 148 148 148 149 150 150 151 152 153 153 153 154 154 155 156 158 160 161 161 162 165 167 169 171 173 174 177 179
174 169 149 149 141 141 140 138 137 136 135 134 133 132 131 130 129 128 127 126 126 125 124 124 123 123 124 126 127 128 130 131 132 134 135 137 138 139 141 142 143 143 144 144 144 145 145 146 147 147 148 149 149 150 151 150 150 149 149 149 149 149 149 149 149 149 150 150 150 151 152 152 153 155 155 155 155 156 156 158 160 161 163 163 165 167 169 171 174 175 178 180 182
149 147 146 144 143 141 140 139 138 136 136 135 134 133 133 131 130 129 128 128 127 126 125 124 124 124 126 127 128 130 131 133 135 136 138 139 141 142 143 144 145 145 146 146 147 147 147 148 149 149 150 151 152 152 152 152 151 151 151 151 151 151 151 151 151 151 151 151 152 152 153 154 155 157 157 158 157 157 158 160 161 163 165 166 167 170 172 174 177 178 180 182 184
148 146 145 144 143 142 141 140 139 138 137 136 135 135 134 132 131 130 129 128 128 127 125 125 125 126 127 128 130 132 133 135 137 139 141 142 143 144 145 146 147 147 148 148 149 149 149 150 151 151 152 153 154 154 154 153 153 153 153 152 152 152 152 152 152 153 153 153 153 154 155 156 157 158 158 159 160 159 160 161 162 164 166 168 170 172 175 178 179 181 183 184 186
147 146 145 144 144 143 142 141 140 140 139 138 137 136 135 133 132 131 130 129 128 127 126 125 126 127 128 130 132 134 136 138 140 141 143 144 145 146 147 148 149 149 150 150 151 151 152 152 153 153 154 155 156 156 156 155 155 154 154 154 154 154 154 154 154 154 155 155 155 156 156 157 158 159 160 161 161 161 161 162 164 166 168 171 173 175 177 180 182 184 185 186 188
