Analogs_temp/Normal_1961_1990Y/SHM.asc
NCOLS 1283 
NROWS 1518 
XLLCORNER -113.981666666 
YLLCORNER 48.334166667 
CELLSIZE 0.000277777777864382 
NODATA_value -9999
[rows 0 to 18 of 19, columns 1023 to 1115 of 1283]
299 298 298 297 297 296 295 294 293 292 291 289 288 287 286 284 283 282 280 279 278 276 275 273 271 269 267 265 264 262 260 258 256 254 251 248 246 244 242 241 239 237 235 233 231 230 228 225 224 222 220 219 218 216 216 215 213 212 209 206 204 201 200 198 197 195 194 194 193 192 192 191 190 190 190 190 190 190 190 189 189 189 189 189 188 188 187 187 186 186 186 186 186
300 300 299 299 298 297 296 295 293 292 291 290 288 287 285 284 282 281 280 279 277 276 275 273 271 269 266 265 263 261 259 257 255 253 251 248 245 243 240 237 234 233 231 229 227 226 226 226 225 223 221 221 220 218 216 214 212 210 208 205 202 201 199 197 196 195 194 194 193 193 192 191 190 190 190 190 190 189 188 187 187 186 187 187 186 186 186 186 186 186 186 186 186
301 300 300 299 298 297 296 295 293 292 291 289 288 287 285 283 281 281 280 279 278 276 275 273 271 269 267 265 263 261 259 257 255 253 250 248 245 242 239 236 233 230 228 227 225 224 223 223 223 223 222 221 219 217 215 213 212 210 207 205 202 201 199 198 197 196 195 195 194 192 191 190 190 190 190 190 189 188 187 186 186 186 186 186 186 186 186 186 185 186 186 186 186
301 301 300 299 298 297 296 295 294 292 291 290 288 287 285 283 282 281 280 279 278 277 275 274 271 269 267 265 263 261 259 257 254 252 250 248 245 242 239 236 232 230 228 226 224 223 222 220 220 220 221 220 219 216 215 213 211 209 208 205 203 201 201 200 198 198 198 195 193 193 192 191 190 190 190 190 189 189 188 188 188 187 187 187 186 186 186 186 185 185 186 185 186
302 301 300 300 299 298 296 295 294 293 292 290 289 287 285 284 282 281 280 279 278 277 276 275 272 269 268 266 263 261 259 257 254 252 250 248 245 243 240 236 232 229 227 226 224 223 221 220 219 220 220 219 218 216 215 214 211 209 208 206 205 204 204 202 200 198 197 196 195 194 193 192 192 191 190 190 190 189 189 189 189 189 189 189 188 188 187 187 187 186 186 186 187
302 301 301 300 299 298 297 296 294 293 292 291 289 288 286 285 283 282 281 280 278 277 276 274 272 270 268 266 263 261 259 256 254 252 250 248 245 243 240 236 232 229 228 226 224 222 220 219 219 219 219 218 217 216 216 215 212 210 210 209 208 207 205 202 200 199 198 197 197 196 195 195 194 193 193 192 192 191 191 191 191 191 191 190 190 189 189 189 189 189 189 189 189
303 302 301 301 300 299 297 296 295 294 292 291 290 288 287 286 284 283 282 280 279 277 276 274 271 269 267 265 263 260 258 256 254 252 250 248 245 243 240 237 234 231 228 226 224 221 220 219 218 217 217 217 216 215 215 214 213 212 211 210 210 207 204 202 201 200 200 199 199 198 198 198 197 196 195 195 194 194 194 193 193 193 192 191 191 191 190 190 190 190 190 190 189
303 303 302 301 300 299 298 297 295 294 293 291 290 289 287 286 285 284 282 281 279 278 276 274 271 268 266 265 263 260 258 256 254 252 250 248 246 243 240 238 234 230 227 225 223 221 219 218 217 216 215 215 216 215 214 213 213 212 211 209 208 206 205 204 203 202 202 201 201 201 201 201 200 199 198 197 197 197 196 196 195 194 193 192 192 192 191 191 191 191 190 190 189
304 303 303 302 301 300 299 297 296 295 293 292 291 289 288 287 285 284 283 281 280 278 276 274 271 269 267 265 263 261 259 256 254 252 250 248 246 243 241 238 234 230 227 225 223 220 219 218 216 215 214 214 214 214 214 213 213 212 211 210 209 208 207 206 206 205 205 204 204 204 204 203 202 201 200 200 200 199 199 198 197 196 195 194 193 193 192 192 192 192 191 190 189
304 304 303 303 302 301 299 298 297 295 294 293 292 290 289 287 286 284 283 281 280 278 277 275 272 270 268 266 263 261 259 257 254 252 250 248 246 243 241 238 234 230 227 225 223 221 219 217 216 215 214 214 214 214 214 213 213 212 212 211 210 210 209 208 208 207 207 207 206 206 206 206 205 205 204 203 203 202 201 200 199 198 197 196 195 194 194 194 193 192 191 190 189
305 304 304 303 303 301 300 299 298 296 295 294 293 291 289 288 286 285 284 282 280 279 277 275 273 270 268 266 263 261 259 257 255 253 251 248 246 243 241 238 234 230 227 225 223 221 219 217 216 214 214 214 213 214 213 213 213 213 212 212 212 211 211 210 210 209 209 209 209 208 207 207 207 206 206 206 205 204 203 202 201 199 199 198 196 196 195 195 194 192 191 189 186
305 305 305 304 303 302 301 300 298 297 295 294 293 291 290 288 286 285 283 282 281 279 277 275 273 270 268 265 263 261 259 257 255 253 251 249 246 244 241 238 234 230 228 225 223 221 219 217 215 214 213 213 212 212 212 212 212 212 212 212 211 211 211 211 211 210 210 210 209 209 208 208 208 208 207 207 206 206 205 204 204 202 201 200 198 197 195 194 192 191 190 188 186
306 306 305 305 304 303 302 300 299 297 296 295 293 292 290 288 287 285 284 282 281 279 278 276 273 270 268 266 263 261 259 257 255 253 251 249 246 244 241 237 234 230 228 225 223 221 219 217 215 214 213 211 209 209 210 210 210 211 211 211 211 211 210 210 210 210 210 210 210 209 209 209 209 208 207 206 206 205 205 204 203 202 200 199 198 196 195 193 192 190 189 188 185
306 306 306 305 305 304 303 301 299 298 296 295 294 292 291 289 287 286 284 283 281 279 277 275 273 271 269 266 263 262 259 257 256 254 251 249 247 244 241 237 234 231 228 226 224 221 219 217 215 213 212 210 209 208 208 209 209 209 210 210 210 210 210 209 209 209 209 209 209 209 209 208 208 207 206 205 205 204 204 203 202 201 200 198 197 196 194 193 191 190 188 187 185
307 306 306 306 306 305 303 302 300 298 297 296 294 293 291 290 288 287 285 284 282 280 278 275 273 270 268 266 263 261 259 257 255 253 251 249 247 244 241 237 234 231 228 226 224 221 219 217 215 213 211 210 208 207 206 206 207 207 208 208 209 209 209 208 208 208 207 207 207 206 206 205 205 204 204 203 202 202 200 199 199 198 198 196 196 194 193 191 190 188 186 185 183
307 306 306 306 305 305 304 302 300 299 297 296 295 293 292 290 289 288 287 284 282 280 278 276 273 270 268 266 264 261 259 257 255 253 251 249 246 244 241 238 235 232 229 227 224 222 219 217 215 213 211 209 208 206 204 204 204 204 204 205 205 205 206 205 205 204 204 203 203 202 202 201 200 199 199 198 197 197 195 194 193 193 192 192 191 190 188 187 184 182 181 179 177
307 306 306 305 305 304 303 302 300 299 298 296 295 294 292 291 289 288 287 285 282 280 278 276 273 270 269 267 264 262 260 257 255 253 251 249 247 244 241 238 235 232 229 227 225 223 220 218 215 213 211 209 208 206 205 203 201 200 200 200 199 199 201 201 201 200 199 198 197 196 195 193 192 191 190 189 189 187 186 184 183 182 182 182 181 181 181 181 180 178 154 153 152
307 307 306 305 304 304 303 302 301 299 298 297 295 294 293 291 290 288 287 285 283 280 278 276 273 271 270 268 264 262 260 257 254 253 250 249 246 243 240 238 235 232 229 227 225 222 220 217 215 213 211 209 207 206 204 203 201 199 198 197 196 195 195 195 195 193 194 194 191 188 181 180 176 174 173 172 170 168 166 165 164 163 162 161 160 159 158 157 156 155 153 151 149
308 307 307 306 305 304 303 302 301 300 299 297 296 295 293 291 290 288 287 285 283 281 278 276 274 271 269 267 264 262 259 257 254 252 249 247 245 242 241 237 235 232 229 227 224 222 220 217 215 213 211 209 207 206 204 203 201 199 197 196 195 193 192 191 189 189 188 187 181 176 176 175 174 173 171 170 168 166 165 163 162 161 160 159 158 157 156 155 154 152 151 150 148
