Analogs_temp/Normal_1961_1990Y/SHM.asc
NCOLS 1283 
NROWS 1518 
XLLCORNER -113.981666666 
YLLCORNER 48.334166667 
CELLSIZE 0.000277777777864382 
NODATA_value -9999
[rows 0 to 18 of 19, columns 186 to 278 of 1283]
203 204 205 207 208 209 211 213 214 216 218 220 221 222 224 225 225 226 227 228 230 231 232 234 235 236 237 238 239 240 241 241 241 241 241 241 241 241 241 241 241 242 242 242 243 243 243 244 244 245 245 245 246 246 246 246 247 247 248 248 247 247 246 246 246 245 244 244 243 242 241 240 239 238 237 237 236 236 235 235 234 234 233 233 233 232 232 232 232 232 231 231 231
200 201 202 203 204 206 208 209 211 212 214 216 219 220 223 224 224 225 226 226 227 229 230 231 232 233 234 236 237 238 240 241 241 241 242 242 242 242 242 242 242 242 242 243 244 244 245 245 245 246 246 246 246 247 247 247 248 248 249 249 249 249 249 249 248 248 247 247 246 245 244 243 243 242 241 241 240 240 240 240 239 239 239 238 238 238 237 237 237 237 237 236 236
197 199 200 200 202 203 205 206 208 209 211 212 214 216 218 221 223 224 224 225 226 227 228 229 230 231 232 233 235 236 238 239 240 241 242 242 243 243 244 245 244 244 245 245 245 246 246 246 246 247 247 247 248 248 249 249 250 250 251 251 251 252 251 251 251 250 250 249 249 248 248 248 247 246 245 245 244 244 244 243 243 243 243 242 242 242 242 242 242 242 241 241 241
194 195 197 198 200 202 203 204 205 207 209 210 211 213 214 216 218 220 222 223 224 225 226 227 228 229 230 231 233 234 235 237 238 240 241 242 242 243 245 246 246 246 246 247 247 247 247 248 248 249 250 251 251 252 252 252 253 253 253 254 254 254 254 254 254 253 253 252 252 251 251 250 250 249 249 249 248 248 248 247 247 247 247 247 247 247 246 246 246 246 246 246 246
191 193 194 196 198 200 202 203 204 205 207 209 210 211 212 213 215 216 218 220 221 223 224 225 227 228 229 230 231 232 234 235 236 237 238 240 241 242 243 244 245 246 247 248 249 250 251 251 252 253 254 254 255 255 256 256 257 257 257 257 258 258 258 258 257 257 256 256 255 254 254 253 253 252 252 251 251 251 251 251 251 251 251 251 251 251 251 251 251 250 250 250 250
189 190 191 193 197 200 201 203 204 205 206 207 208 209 210 212 213 214 215 217 219 221 222 224 225 226 228 229 230 231 232 233 234 235 236 237 239 240 242 243 244 245 246 247 249 250 252 254 256 257 258 259 260 260 260 261 261 261 262 262 262 262 261 261 260 260 260 259 259 258 258 257 257 256 256 256 255 255 255 254 254 254 255 255 255 255 255 255 255 255 254 254 254
191 191 192 194 197 199 201 202 203 204 205 206 207 208 209 210 212 213 214 216 217 219 221 222 224 225 226 227 229 230 231 232 233 234 235 236 237 239 240 241 243 244 245 245 247 251 253 255 258 260 263 265 265 265 266 266 267 267 267 267 266 266 266 266 266 265 265 264 264 263 263 262 262 262 261 261 260 260 260 259 259 259 259 259 260 260 260 260 260 260 260 259 259
192 193 194 196 197 199 200 202 203 203 204 205 206 207 208 209 210 211 212 214 216 217 219 221 222 224 225 226 228 229 230 231 232 233 234 235 236 237 239 241 242 245 246 248 252 255 258 260 263 265 267 270 271 271 271 272 272 272 272 271 271 271 270 270 270 269 269 269 269 268 268 268 267 267 266 266 265 265 265 265 264 264 264 264 265 265 265 265 265 265 264 264 264
194 195 196 197 198 199 200 201 202 203 204 205 205 206 207 208 209 209 211 212 214 216 217 218 220 222 224 226 227 228 230 231 232 234 235 236 237 239 240 242 245 248 252 255 258 261 264 267 269 270 273 275 277 277 277 277 277 276 276 277 276 276 275 275 275 274 274 274 273 273 273 273 272 272 272 271 271 270 270 270 269 269 269 269 270 270 270 270 270 270 269 269 269
196 197 198 199 200 201 202 202 203 204 205 206 206 207 208 209 210 211 212 213 214 216 217 219 221 224 226 228 229 231 232 233 234 236 237 239 241 243 246 249 252 254 258 261 265 268 270 272 274 276 278 280 282 283 282 282 282 282 281 281 281 280 280 280 280 279 279 279 279 278 278 278 278 278 278 278 277 277 277 276 276 275 275 274 274 274 274 274 274 274 274 274 274
196 197 199 199 201 202 203 203 205 206 207 208 208 209 212 213 214 215 216 217 219 221 223 226 228 229 231 232 234 235 236 237 239 240 242 243 245 249 252 255 259 263 266 270 272 275 277 279 281 283 284 286 287 288 288 288 287 287 287 286 286 286 285 285 285 284 284 283 283 283 283 283 283 282 282 282 282 281 281 281 281 280 280 280 279 279 279 279 278 278 279 279 279
196 197 198 199 201 201 202 203 205 205 207 209 211 213 214 216 217 218 221 223 225 227 229 230 231 233 235 237 238 239 241 242 243 244 246 249 252 256 260 264 267 270 273 276 279 281 283 285 286 288 291 292 293 293 293 292 292 291 291 291 291 290 290 290 289 289 289 289 288 288 288 287 287 287 286 286 286 286 285 285 285 284 284 283 283 283 282 282 282 282 282 282 283
196 198 199 200 201 202 203 204 205 206 207 209 212 214 216 219 221 224 225 227 229 231 232 234 236 238 240 241 242 243 244 245 247 249 253 256 260 263 266 269 272 276 278 281 282 285 288 291 293 297 300 301 301 299 299 297 297 297 297 297 297 296 294 294 293 293 293 292 292 292 292 291 291 291 291 290 290 290 290 289 289 289 288 288 287 286 286 286 286 286 286 286 286
197 198 199 200 201 202 203 204 205 206 207 209 210 212 214 216 219 222 223 225 227 229 232 236 238 240 242 244 245 247 249 251 253 255 257 259 262 264 267 270 274 276 279 281 283 285 289 293 297 300 300 301 301 301 301 301 301 301 301 301 301 301 301 299 298 297 297 296 296 296 295 295 295 295 294 294 294 293 293 293 292 292 291 291 290 289 289 289 289 289 290 290 290
196 197 198 199 200 201 202 203 204 205 207 208 209 210 212 214 216 220 222 224 226 228 231 234 236 239 241 244 247 250 253 254 255 257 258 260 262 263 266 268 272 275 278 280 283 286 290 294 298 300 301 301 301 301 301 301 301 301 301 301 301 301 301 301 301 301 301 301 301 299 299 299 301 302 302 301 300 298 297 296 295 294 294 293 293 292 292 292 292 292 292 292 293
195 196 197 198 199 200 201 202 204 205 206 207 208 209 211 213 215 218 221 223 225 227 230 232 235 237 240 244 247 251 254 256 257 259 260 262 263 265 267 268 271 273 276 279 283 287 291 295 300 301 301 301 301 301 301 301 301 301 301 301 302 302 302 302 302 302 302 302 302 302 302 302 302 302 302 302 302 302 299 298 297 297 296 296 295 295 295 295 295 295 295 295 295
195 196 196 197 198 199 201 202 203 204 205 206 207 208 210 211 214 217 220 222 225 227 230 232 235 238 241 245 249 252 256 258 260 261 262 263 265 267 269 270 273 274 276 279 283 288 292 297 301 301 301 301 301 301 301 301 301 301 301 302 302 302 302 302 302 302 302 302 302 302 302 303 303 303 303 303 303 303 303 300 299 299 299 298 298 298 297 297 297 297 297 297 297
194 195 196 197 198 199 200 201 202 203 204 205 206 207 209 211 213 216 219 222 224 226 229 232 235 239 243 247 250 253 258 261 263 264 264 266 267 269 271 274 276 278 280 282 286 290 294 299 300 301 301 301 301 301 301 301 301 301 301 301 302 302 302 302 302 302 302 302 302 302 303 303 303 303 303 303 303 303 303 303 303 302 301 300 300 300 300 300 300 299 299 299 299
194 195 195 196 197 198 199 200 201 202 203 205 206 207 208 210 212 215 218 221 224 226 229 232 236 240 245 248 252 256 260 262 265 266 268 269 271 272 274 276 279 281 283 286 290 294 297 300 300 300 300 301 301 301 301 301 301 301 301 301 301 302 302 302 302 302 302 302 302 302 302 303 303 303 303 303 303 303 303 303 303 303 303 303 301 301 301 301 301 301 301 301 301
