Analogs_temp/Normal_1961_1990Y/SHM.asc
NCOLS 1283 
NROWS 1518 
XLLCORNER -113.981666666 
YLLCORNER 48.334166667 
CELLSIZE 0.000277777777864382 
NODATA_value -9999
[rows 0 to 18 of 19, columns 558 to 650 of 1283]
446 446 446 447 449 450 451 452 453 453 454 455 454 454 454 453 453 453 452 452 452 451 451 450 450 449 449 448 447 447 446 446 445 445 444 444 443 443 442 442 441 441 440 439 438 438 437 436 436 435 435 434 433 433 432 432 431 431 430 430 429 428 427 426 424 422 421 419 417 415 413 412 411 409 407 405 403 401 399 398 397 396 395 392 390 388 387 386 386 386 387 388 392
448 448 448 449 450 452 453 454 455 456 456 456 456 455 455 455 454 454 454 453 453 453 452 452 451 451 450 450 449 449 448 447 447 446 446 445 445 445 444 443 443 443 442 441 441 440 439 439 438 438 437 436 436 435 435 434 434 433 433 432 431 431 430 429 428 426 424 423 421 420 419 418 416 414 412 409 407 405 403 402 402 401 398 396 393 392 391 390 390 390 391 392 395
452 451 451 452 453 454 455 457 457 458 458 457 457 457 456 456 456 455 455 455 455 454 454 453 453 452 452 451 451 450 450 449 449 448 448 447 447 446 446 445 445 444 444 443 443 442 442 441 440 440 439 438 438 437 437 436 436 435 435 434 433 433 432 431 430 429 428 427 425 424 423 422 421 418 416 413 411 409 408 407 406 404 402 400 397 396 395 394 394 394 395 397 398
457 457 456 456 456 457 457 458 459 459 459 459 458 458 458 457 457 457 456 456 456 455 455 455 454 454 453 453 452 452 452 451 451 450 450 449 449 448 448 447 447 446 446 445 445 444 444 443 442 442 441 440 440 439 439 438 438 437 437 436 436 435 434 434 433 432 431 430 429 428 427 425 424 422 420 418 415 414 413 411 409 407 406 404 403 401 400 400 400 400 401 401 401
461 461 460 459 459 459 459 460 461 461 460 460 459 459 459 458 458 458 457 457 457 457 456 456 456 455 455 455 454 454 453 453 453 452 452 451 451 451 450 450 449 449 448 448 447 447 446 445 444 444 443 442 441 441 440 440 440 439 439 438 438 437 437 436 435 435 434 433 432 431 430 429 428 426 424 422 421 419 417 414 412 411 409 408 405 403 404 406 407 408 408 407 403
464 463 463 462 461 461 461 462 462 462 462 461 461 460 460 460 459 459 459 458 458 458 458 457 457 457 456 456 456 455 455 455 454 454 454 453 453 453 453 452 452 451 451 450 450 449 448 447 447 446 445 444 443 443 442 442 441 441 441 440 440 440 439 438 438 437 436 436 435 434 433 433 432 430 428 427 426 424 422 420 417 415 413 412 410 409 409 412 415 413 411 406 402
466 465 464 464 463 463 463 464 464 463 463 463 462 461 461 461 460 460 460 460 460 459 459 459 459 458 458 458 457 457 457 456 456 456 456 455 455 455 455 455 455 454 454 453 453 452 451 450 449 448 447 446 445 445 444 444 443 443 443 443 442 442 441 441 440 440 439 438 438 437 436 435 435 434 432 431 430 428 426 425 423 421 419 417 415 415 417 418 414 412 410 406 404
467 467 466 466 465 465 465 465 465 465 464 464 463 463 462 462 462 462 461 461 461 461 461 461 460 460 460 459 459 459 458 458 458 457 457 457 457 457 457 457 457 457 457 456 456 455 454 453 452 451 450 449 448 447 447 446 446 445 445 445 444 444 444 443 443 442 442 441 441 440 439 438 437 436 436 435 434 432 431 429 428 426 425 424 423 422 422 419 415 413 411 409 407
468 468 468 467 467 467 467 467 466 466 465 465 465 464 464 463 463 463 463 463 462 462 462 462 462 462 462 461 461 460 460 459 459 459 459 458 458 459 459 459 459 459 459 459 458 457 456 455 454 454 453 452 451 450 449 449 448 448 448 447 447 447 447 446 445 445 444 444 443 443 442 441 440 440 439 438 437 436 434 433 432 431 430 429 428 427 423 422 419 417 415 413 411
470 469 469 469 469 468 468 468 468 467 467 466 466 465 465 465 465 465 464 464 464 464 463 463 463 464 463 463 463 462 462 461 461 460 460 460 460 460 460 460 461 461 461 461 461 460 459 458 457 456 455 455 454 453 452 452 451 451 450 450 450 449 449 449 448 448 447 447 446 446 445 444 443 443 442 441 440 439 438 437 436 435 435 434 432 430 428 426 424 422 420 417 416
471 471 471 470 470 470 470 469 469 469 468 468 467 467 467 466 466 466 466 466 465 465 465 465 465 465 465 465 464 464 463 463 462 462 461 461 461 461 461 462 462 462 462 463 463 462 461 460 460 459 458 457 457 456 455 455 454 454 453 453 452 452 452 451 451 450 450 449 449 448 447 447 446 446 445 445 444 443 442 441 440 439 438 437 435 433 432 430 429 427 425 423 421
471 472 472 472 471 471 471 471 470 470 469 469 469 468 468 468 468 468 467 467 467 467 467 466 466 466 466 466 466 465 465 464 464 463 463 463 463 463 463 463 463 463 464 464 465 465 464 463 462 462 461 460 459 459 458 458 457 457 456 456 455 455 454 454 453 453 452 452 451 451 450 450 449 449 448 448 447 446 445 444 444 443 442 440 438 437 436 434 433 431 429 427 426
472 472 473 473 473 472 472 472 472 471 471 471 470 470 470 470 469 469 469 469 468 468 468 468 468 468 468 468 468 467 467 466 465 465 465 464 464 464 464 464 464 464 465 466 466 467 466 466 465 464 464 463 462 462 461 461 460 459 459 459 458 458 457 457 456 456 455 454 454 453 453 452 452 451 451 450 449 449 448 447 447 446 444 443 442 441 440 439 437 436 435 433 431
472 473 473 474 474 474 473 473 473 473 472 472 472 472 471 471 471 471 470 470 470 470 470 470 470 470 470 469 469 469 468 468 467 467 466 466 466 466 466 466 466 466 467 468 468 468 468 468 468 467 466 466 465 464 464 463 463 462 462 461 461 461 460 459 459 458 458 457 456 456 455 455 454 454 453 452 452 451 451 450 449 447 446 445 445 445 445 445 443 442 440 439 437
473 473 474 475 475 475 475 475 474 474 474 474 473 473 473 473 472 472 472 472 472 472 472 472 471 471 471 471 471 470 470 469 469 468 468 468 467 467 467 467 467 468 469 469 470 470 470 470 470 469 469 468 468 467 467 466 466 465 465 464 464 463 463 462 461 461 460 459 459 458 458 457 457 456 455 455 454 454 453 452 451 450 449 448 448 448 449 449 449 447 446 444 443
474 475 475 476 476 476 476 476 475 475 475 475 475 474 474 474 474 474 474 474 473 473 473 473 473 473 473 473 472 472 472 471 471 470 470 469 469 469 469 469 469 470 470 471 471 471 471 471 471 471 471 471 470 470 470 469 468 468 467 467 467 466 466 465 464 463 463 462 461 461 460 460 459 458 458 457 457 456 456 455 454 453 452 451 451 451 452 452 452 452 450 449 448
474 475 475 476 476 477 477 476 476 476 476 476 476 476 476 475 475 475 475 475 475 475 475 475 475 475 475 474 474 474 473 473 472 472 472 471 471 471 471 471 471 471 472 472 472 472 473 473 473 473 473 472 472 472 472 471 471 471 470 470 469 469 468 468 467 466 465 465 464 463 463 462 461 461 460 460 460 459 458 458 457 456 456 455 455 455 454 454 455 455 454 454 453
473 474 474 475 476 477 477 477 477 477 477 477 477 477 477 476 476 476 476 476 476 476 476 476 477 476 476 476 476 476 475 475 474 474 474 473 473 473 473 472 473 473 473 473 473 474 474 474 474 474 474 474 474 474 474 473 473 473 473 472 472 471 471 470 469 469 468 467 467 466 465 464 463 463 463 463 462 461 461 460 460 459 459 458 458 458 457 457 457 457 457 458 458
472 473 474 474 475 476 476 477 477 477 478 478 478 478 477 477 477 477 477 477 478 478 478 478 478 478 478 478 478 477 477 477 476 476 476 475 475 475 474 474 474 474 474 474 475 475 475 475 475 475 475 475 476 476 475 475 475 475 475 474 474 474 473 473 472 471 471 470 469 468 467 466 465 465 465 465 464 464 464 463 462 461 461 461 460 460 460 460 460 460 460 460 460
